pc,instr,gpr,csr,binary,mode,instr_str,operand,pad
0000000080000000,,ra:0000000000000000,,00004081,3,"c.li    ra, 0",,
0000000080000002,,sp:0000000000000000,,00004101,3,"c.li    sp, 0",,
0000000080000004,,gp:0000000000000000,,00004181,3,"c.li    gp, 0",,
0000000080000006,,tp:0000000000000000,,00004201,3,"c.li    tp, 0",,
0000000080000008,,t0:0000000000000000,,00004281,3,"c.li    t0, 0",,
000000008000000a,,t1:0000000000000000,,00004301,3,"c.li    t1, 0",,
000000008000000c,,t2:0000000000000000,,00004381,3,"c.li    t2, 0",,
000000008000000e,,s0:0000000000000000,,00004401,3,"c.li    s0, 0",,
0000000080000010,,s1:0000000000000000,,00004481,3,"c.li    s1, 0",,
0000000080000012,,a0:0000000000000000,,00004501,3,"c.li    a0, 0",,
0000000080000014,,a1:0000000000000000,,00004581,3,"c.li    a1, 0",,
0000000080000016,,a2:0000000000000000,,00004601,3,"c.li    a2, 0",,
0000000080000018,,a3:0000000000000000,,00004681,3,"c.li    a3, 0",,
000000008000001a,,a4:0000000000000000,,00004701,3,"c.li    a4, 0",,
000000008000001c,,a5:0000000000000000,,00004781,3,"c.li    a5, 0",,
000000008000001e,,a6:0000000000000000,,00004801,3,"c.li    a6, 0",,
0000000080000020,,a7:0000000000000000,,00004881,3,"c.li    a7, 0",,
0000000080000022,,s2:0000000000000000,,00004901,3,"c.li    s2, 0",,
0000000080000024,,s3:0000000000000000,,00004981,3,"c.li    s3, 0",,
0000000080000026,,s4:0000000000000000,,00004a01,3,"c.li    s4, 0",,
0000000080000028,,s5:0000000000000000,,00004a81,3,"c.li    s5, 0",,
000000008000002a,,s6:0000000000000000,,00004b01,3,"c.li    s6, 0",,
000000008000002c,,s7:0000000000000000,,00004b81,3,"c.li    s7, 0",,
000000008000002e,,s8:0000000000000000,,00004c01,3,"c.li    s8, 0",,
0000000080000030,,s9:0000000000000000,,00004c81,3,"c.li    s9, 0",,
0000000080000032,,s10:0000000000000000,,00004d01,3,"c.li    s10, 0",,
0000000080000034,,s11:0000000000000000,,00004d81,3,"c.li    s11, 0",,
0000000080000036,,t3:0000000000000000,,00004e01,3,"c.li    t3, 0",,
0000000080000038,,t4:0000000000000000,,00004e81,3,"c.li    t4, 0",,
000000008000003a,,t5:0000000000000000,,00004f01,3,"c.li    t5, 0",,
000000008000003c,,t6:0000000000000000,,00004f81,3,"c.li    t6, 0",,
000000008000003e,,t0:000000000001e000,,000062f9,3,"c.lui   t0, 0x1e",,
0000000080000044,,t0:0000000000000001,,00004285,3,"c.li    t0, 1",,
0000000080000046,,t0:0000000080000000,,000002fe,3,"c.slli  t0, 31",,
0000000080000058,,t0:0000000080000058,,00000297,3,"auipc   t0, 0x0",,
000000008000005c,,t0:00000000800000e8,,09028293,3,"addi    t0, t0, 144",,
0000000080000068,,ft0:ffffffff00000000,,f0000053,3,"fmv.w.x ft0, zero",,
000000008000006c,,ft1:ffffffff00000000,,f00000d3,3,"fmv.w.x ft1, zero",,
0000000080000070,,ft2:ffffffff00000000,,f0000153,3,"fmv.w.x ft2, zero",,
0000000080000074,,ft3:ffffffff00000000,,f00001d3,3,"fmv.w.x ft3, zero",,
0000000080000078,,ft4:ffffffff00000000,,f0000253,3,"fmv.w.x ft4, zero",,
000000008000007c,,ft5:ffffffff00000000,,f00002d3,3,"fmv.w.x ft5, zero",,
0000000080000080,,ft6:ffffffff00000000,,f0000353,3,"fmv.w.x ft6, zero",,
0000000080000084,,ft7:ffffffff00000000,,f00003d3,3,"fmv.w.x ft7, zero",,
0000000080000088,,fs0:ffffffff00000000,,f0000453,3,"fmv.w.x fs0, zero",,
000000008000008c,,fs1:ffffffff00000000,,f00004d3,3,"fmv.w.x fs1, zero",,
0000000080000090,,fa0:ffffffff00000000,,f0000553,3,"fmv.w.x fa0, zero",,
0000000080000094,,fa1:ffffffff00000000,,f00005d3,3,"fmv.w.x fa1, zero",,
0000000080000098,,fa2:ffffffff00000000,,f0000653,3,"fmv.w.x fa2, zero",,
000000008000009c,,fa3:ffffffff00000000,,f00006d3,3,"fmv.w.x fa3, zero",,
00000000800000a0,,fa4:ffffffff00000000,,f0000753,3,"fmv.w.x fa4, zero",,
00000000800000a4,,fa5:ffffffff00000000,,f00007d3,3,"fmv.w.x fa5, zero",,
00000000800000a8,,fa6:ffffffff00000000,,f0000853,3,"fmv.w.x fa6, zero",,
00000000800000ac,,fa7:ffffffff00000000,,f00008d3,3,"fmv.w.x fa7, zero",,
00000000800000b0,,fs2:ffffffff00000000,,f0000953,3,"fmv.w.x fs2, zero",,
00000000800000b4,,fs3:ffffffff00000000,,f00009d3,3,"fmv.w.x fs3, zero",,
00000000800000b8,,fs4:ffffffff00000000,,f0000a53,3,"fmv.w.x fs4, zero",,
00000000800000bc,,fs5:ffffffff00000000,,f0000ad3,3,"fmv.w.x fs5, zero",,
00000000800000c0,,fs6:ffffffff00000000,,f0000b53,3,"fmv.w.x fs6, zero",,
00000000800000c4,,fs7:ffffffff00000000,,f0000bd3,3,"fmv.w.x fs7, zero",,
00000000800000c8,,fs8:ffffffff00000000,,f0000c53,3,"fmv.w.x fs8, zero",,
00000000800000cc,,fs9:ffffffff00000000,,f0000cd3,3,"fmv.w.x fs9, zero",,
00000000800000d0,,fs10:ffffffff00000000,,f0000d53,3,"fmv.w.x fs10, zero",,
00000000800000d4,,fs11:ffffffff00000000,,f0000dd3,3,"fmv.w.x fs11, zero",,
00000000800000d8,,ft8:ffffffff00000000,,f0000e53,3,"fmv.w.x ft8, zero",,
00000000800000dc,,ft9:ffffffff00000000,,f0000ed3,3,"fmv.w.x ft9, zero",,
00000000800000e0,,ft10:ffffffff00000000,,f0000f53,3,"fmv.w.x ft10, zero",,
00000000800000e4,,ft11:ffffffff00000000,,f0000fd3,3,"fmv.w.x ft11, zero",,
00000000800000e8,,t0:00000000800000e8,,00000297,3,"auipc   t0, 0x0",,
00000000800000ec,,t0:0000000080000124,,03c28293,3,"addi    t0, t0, 60",,
00000000800000f4,,gp:00000000800120f4,,00012197,3,"auipc   gp, 0x12",,
00000000800000f8,,gp:0000000080012828,,73418193,3,"addi    gp, gp, 1844",,
00000000800000fc,,tp:00000000800120fc,,00012217,3,"auipc   tp, 0x12",,
0000000080000100,,tp:000000008001207f,,f8320213,3,"addi    tp, tp, -125",,
0000000080000104,,tp:0000000080012040,,fc027213,3,"andi    tp, tp, -64",,
0000000080000108,,a0:0000000000000000,,f1402573,3,"csrrs   a0, mhartid, zero",,
000000008000010c,,a1:0000000000000001,,00004585,3,"c.li    a1, 1",,
0000000080000112,,sp:0000000000000001,,00150113,3,"addi    sp, a0, 1",,
0000000080000116,,sp:0000000000020000,,00000146,3,"c.slli  sp, 17",,
0000000080000118,,sp:0000000080032040,,00009112,3,"c.add   sp, tp",,
000000008000011a,,a2:0000000000000000,,01151613,3,"slli    a2, a0, 17",,
000000008000011e,,tp:0000000080012040,,00009232,3,"c.add   tp, a2",,
000000008000f452,,sp:0000000080031f90,,00007171,3,"c.addi16sp sp, -176",,
000000008000f45a,,s0:0000000080032040,,00001900,3,"c.addi4spn s0, sp, 176",,
000000008000f45c,,a5:0000000000000000,,000087aa,3,"c.mv    a5, a0",,
000000008000f45e,,a4:0000000000000001,,0000872e,3,"c.mv    a4, a1",,
000000008000f464,,a5:0000000000000001,,000087ba,3,"c.mv    a5, a4",,
000000008000f46a,,a5:0000000080032020,,fe040793,3,"addi    a5, s0, -32",,
000000008000f472,,a5:0000000080032020,,f5043783,3,"ld      a5, -176(s0)",,
000000008000f476,,a5:0000000080031fa0,,f8078793,3,"addi    a5, a5, -128",,
000000008000f47a,,a5:0000000080031fdf,,03f78793,3,"addi    a5, a5, 63",,
000000008000f47e,,a5:0000000002000c7f,,00008399,3,"c.srli  a5, 6",,
000000008000f480,,s1:0000000080031fc0,,00679493,3,"slli    s1, a5, 6",,
000000008000f484,,ra:000000008000f488,,f65ff0ef,3,jal     -0x9c,,
000000008000f3e8,,sp:0000000080031f70,,00001101,3,"c.addi  sp, -32",,
000000008000f3ee,,s0:0000000080031f90,,00001000,3,"c.addi4spn s0, sp, 32",,
000000008000f3f0,,a4:00000000800123f0,,00003717,3,"auipc   a4, 0x3",,
000000008000f3f4,,a4:0000000080012028,,c3870713,3,"addi    a4, a4, -968",,
000000008000f3f8,,a5:00000000800123f8,,00003797,3,"auipc   a5, 0x3",,
000000008000f3fc,,a5:0000000080012028,,c3078793,3,"addi    a5, a5, -976",,
000000008000f400,,a5:0000000000000000,,40f707b3,3,"sub     a5, a4, a5",,
000000008000f408,,a5:0000000080012040,,00008792,3,"c.mv    a5, tp",,
000000008000f40a,,a2:0000000000000000,,fe843603,3,"ld      a2, -24(s0)",,
000000008000f40e,,a1:000000008001240e,,00003597,3,"auipc   a1, 0x3",,
000000008000f412,,a1:0000000080012028,,c1a58593,3,"addi    a1, a1, -998",,
000000008000f416,,a0:0000000080012040,,0000853e,3,"c.mv    a0, a5",,
000000008000f418,,ra:000000008000f41c,,0f9000ef,3,jal     0x8f8,,
000000008000fd10,,sp:0000000080031f20,,0000715d,3,"c.addi16sp sp, -80",,
000000008000fd14,,s0:0000000080031f70,,00000880,3,"c.addi4spn s0, sp, 80",,
000000008000fd22,,a4:0000000080012040,,fc843703,3,"ld      a4, -56(s0)",,
000000008000fd26,,a5:0000000080012028,,fc043783,3,"ld      a5, -64(s0)",,
000000008000fd2a,,a4:0000000080012068,,00008f5d,3,"c.or    a4, a5",,
000000008000fd2c,,a5:0000000000000000,,fb843783,3,"ld      a5, -72(s0)",,
000000008000fd30,,a5:0000000080012068,,00008fd9,3,"c.or    a5, a4",,
000000008000fd32,,a5:0000000000000000,,00008b9d,3,"c.andi  a5, 7",,
000000008000fd36,,a5:0000000080012028,,fc043783,3,"ld      a5, -64(s0)",,
000000008000fd3e,,a5:0000000080012040,,fc843783,3,"ld      a5, -56(s0)",,
000000008000fd64,,a4:0000000080012040,,fc843703,3,"ld      a4, -56(s0)",,
000000008000fd68,,a5:0000000000000000,,fb843783,3,"ld      a5, -72(s0)",,
000000008000fd6c,,a5:0000000080012040,,000097ba,3,"c.add   a5, a4",,
000000008000fd6e,,a4:0000000080012040,,fe043703,3,"ld      a4, -32(s0)",,
000000008000fdbc,,a5:0000000080012040,,fc843783,3,"ld      a5, -56(s0)",,
000000008000fdc0,,a0:0000000080012040,,0000853e,3,"c.mv    a0, a5",,
000000008000fdc2,,s0:0000000080031f90,,00006426,3,"c.ldsp  s0, 72(sp)",,
000000008000fdc4,,sp:0000000080031f70,,00006161,3,"c.addi16sp sp, 80",,
000000008000f41c,,a4:000000008001241c,,00003717,3,"auipc   a4, 0x3",,
000000008000f420,,a4:00000000800120c4,,ca870713,3,"addi    a4, a4, -856",,
000000008000f424,,a5:0000000080012424,,00003797,3,"auipc   a5, 0x3",,
000000008000f428,,a5:0000000080012028,,c0478793,3,"addi    a5, a5, -1020",,
000000008000f42c,,a5:000000000000009c,,40f707b3,3,"sub     a5, a4, a5",,
000000008000f434,,a4:0000000080012040,,00008712,3,"c.mv    a4, tp",,
000000008000f436,,a5:0000000000000000,,fe843783,3,"ld      a5, -24(s0)",,
000000008000f43a,,a5:0000000080012040,,000097ba,3,"c.add   a5, a4",,
000000008000f43c,,a2:000000000000009c,,fe043603,3,"ld      a2, -32(s0)",,
000000008000f440,,a1:0000000000000000,,00004581,3,"c.li    a1, 0",,
000000008000f442,,a0:0000000080012040,,0000853e,3,"c.mv    a0, a5",,
000000008000f444,,ra:000000008000f448,,185000ef,3,jal     0x984,,
000000008000fdc8,,sp:0000000080031f20,,0000715d,3,"c.addi16sp sp, -80",,
000000008000fdcc,,s0:0000000080031f70,,00000880,3,"c.addi4spn s0, sp, 80",,
000000008000fdd2,,a5:0000000000000000,,000087ae,3,"c.mv    a5, a1",,
000000008000fddc,,a4:0000000080012040,,fc843703,3,"ld      a4, -56(s0)",,
000000008000fde0,,a5:000000000000009c,,fb843783,3,"ld      a5, -72(s0)",,
000000008000fde4,,a5:00000000800120dc,,00008fd9,3,"c.or    a5, a4",,
000000008000fde6,,a5:0000000000000004,,00008b9d,3,"c.andi  a5, 7",,
000000008000fe56,,a5:0000000080012040,,fc843783,3,"ld      a5, -56(s0)",,
000000008000fe78,,a4:0000000080012040,,fc843703,3,"ld      a4, -56(s0)",,
000000008000fe7c,,a5:000000000000009c,,fb843783,3,"ld      a5, -72(s0)",,
000000008000fe80,,a5:00000000800120dc,,000097ba,3,"c.add   a5, a4",,
000000008000fe82,,a4:0000000080012040,,fe043703,3,"ld      a4, -32(s0)",,
000000008000fe60,,a5:0000000080012040,,fe043783,3,"ld      a5, -32(s0)",,
000000008000fe64,,a4:0000000080012041,,00178713,3,"addi    a4, a5, 1",,
000000008000fe6c,,a4:0000000000000000,,fc442703,3,"lw      a4, -60(s0)",,
000000008000fe70,,a4:0000000000000000,,0ff77713,3,"andi    a4, a4, 255",,
000000008000fe78,,a4:0000000080012040,,fc843703,3,"ld      a4, -56(s0)",,
000000008000fe7c,,a5:000000000000009c,,fb843783,3,"ld      a5, -72(s0)",,
000000008000fe80,,a5:00000000800120dc,,000097ba,3,"c.add   a5, a4",,
000000008000fe82,,a4:0000000080012041,,fe043703,3,"ld      a4, -32(s0)",,
000000008000fe60,,a5:0000000080012041,,fe043783,3,"ld      a5, -32(s0)",,
000000008000fe64,,a4:0000000080012042,,00178713,3,"addi    a4, a5, 1",,
000000008000fe6c,,a4:0000000000000000,,fc442703,3,"lw      a4, -60(s0)",,
000000008000fe70,,a4:0000000000000000,,0ff77713,3,"andi    a4, a4, 255",,
000000008000fe78,,a4:0000000080012040,,fc843703,3,"ld      a4, -56(s0)",,
000000008000fe7c,,a5:000000000000009c,,fb843783,3,"ld      a5, -72(s0)",,
000000008000fe80,,a5:00000000800120dc,,000097ba,3,"c.add   a5, a4",,
000000008000fe82,,a4:0000000080012042,,fe043703,3,"ld      a4, -32(s0)",,
000000008000fe60,,a5:0000000080012042,,fe043783,3,"ld      a5, -32(s0)",,
000000008000fe64,,a4:0000000080012043,,00178713,3,"addi    a4, a5, 1",,
000000008000fe6c,,a4:0000000000000000,,fc442703,3,"lw      a4, -60(s0)",,
000000008000fe70,,a4:0000000000000000,,0ff77713,3,"andi    a4, a4, 255",,
000000008000fe78,,a4:0000000080012040,,fc843703,3,"ld      a4, -56(s0)",,
000000008000fe7c,,a5:000000000000009c,,fb843783,3,"ld      a5, -72(s0)",,
000000008000fe80,,a5:00000000800120dc,,000097ba,3,"c.add   a5, a4",,
000000008000fe82,,a4:0000000080012043,,fe043703,3,"ld      a4, -32(s0)",,
000000008000fe60,,a5:0000000080012043,,fe043783,3,"ld      a5, -32(s0)",,
000000008000fe64,,a4:0000000080012044,,00178713,3,"addi    a4, a5, 1",,
000000008000fe6c,,a4:0000000000000000,,fc442703,3,"lw      a4, -60(s0)",,
000000008000fe70,,a4:0000000000000000,,0ff77713,3,"andi    a4, a4, 255",,
000000008000fe78,,a4:0000000080012040,,fc843703,3,"ld      a4, -56(s0)",,
000000008000fe7c,,a5:000000000000009c,,fb843783,3,"ld      a5, -72(s0)",,
000000008000fe80,,a5:00000000800120dc,,000097ba,3,"c.add   a5, a4",,
000000008000fe82,,a4:0000000080012044,,fe043703,3,"ld      a4, -32(s0)",,
000000008000fe60,,a5:0000000080012044,,fe043783,3,"ld      a5, -32(s0)",,
000000008000fe64,,a4:0000000080012045,,00178713,3,"addi    a4, a5, 1",,
000000008000fe6c,,a4:0000000000000000,,fc442703,3,"lw      a4, -60(s0)",,
000000008000fe70,,a4:0000000000000000,,0ff77713,3,"andi    a4, a4, 255",,
000000008000fe78,,a4:0000000080012040,,fc843703,3,"ld      a4, -56(s0)",,
000000008000fe7c,,a5:000000000000009c,,fb843783,3,"ld      a5, -72(s0)",,
000000008000fe80,,a5:00000000800120dc,,000097ba,3,"c.add   a5, a4",,
000000008000fe82,,a4:0000000080012045,,fe043703,3,"ld      a4, -32(s0)",,
000000008000fe60,,a5:0000000080012045,,fe043783,3,"ld      a5, -32(s0)",,
000000008000fe64,,a4:0000000080012046,,00178713,3,"addi    a4, a5, 1",,
000000008000fe6c,,a4:0000000000000000,,fc442703,3,"lw      a4, -60(s0)",,
000000008000fe70,,a4:0000000000000000,,0ff77713,3,"andi    a4, a4, 255",,
000000008000fe78,,a4:0000000080012040,,fc843703,3,"ld      a4, -56(s0)",,
000000008000fe7c,,a5:000000000000009c,,fb843783,3,"ld      a5, -72(s0)",,
000000008000fe80,,a5:00000000800120dc,,000097ba,3,"c.add   a5, a4",,
000000008000fe82,,a4:0000000080012046,,fe043703,3,"ld      a4, -32(s0)",,
000000008000fe60,,a5:0000000080012046,,fe043783,3,"ld      a5, -32(s0)",,
000000008000fe64,,a4:0000000080012047,,00178713,3,"addi    a4, a5, 1",,
000000008000fe6c,,a4:0000000000000000,,fc442703,3,"lw      a4, -60(s0)",,
000000008000fe70,,a4:0000000000000000,,0ff77713,3,"andi    a4, a4, 255",,
000000008000fe78,,a4:0000000080012040,,fc843703,3,"ld      a4, -56(s0)",,
000000008000fe7c,,a5:000000000000009c,,fb843783,3,"ld      a5, -72(s0)",,
000000008000fe80,,a5:00000000800120dc,,000097ba,3,"c.add   a5, a4",,
000000008000fe82,,a4:0000000080012047,,fe043703,3,"ld      a4, -32(s0)",,
000000008000fe60,,a5:0000000080012047,,fe043783,3,"ld      a5, -32(s0)",,
000000008000fe64,,a4:0000000080012048,,00178713,3,"addi    a4, a5, 1",,
000000008000fe6c,,a4:0000000000000000,,fc442703,3,"lw      a4, -60(s0)",,
000000008000fe70,,a4:0000000000000000,,0ff77713,3,"andi    a4, a4, 255",,
000000008000fe78,,a4:0000000080012040,,fc843703,3,"ld      a4, -56(s0)",,
000000008000fe7c,,a5:000000000000009c,,fb843783,3,"ld      a5, -72(s0)",,
000000008000fe80,,a5:00000000800120dc,,000097ba,3,"c.add   a5, a4",,
000000008000fe82,,a4:0000000080012048,,fe043703,3,"ld      a4, -32(s0)",,
000000008000fe60,,a5:0000000080012048,,fe043783,3,"ld      a5, -32(s0)",,
000000008000fe64,,a4:0000000080012049,,00178713,3,"addi    a4, a5, 1",,
000000008000fe6c,,a4:0000000000000000,,fc442703,3,"lw      a4, -60(s0)",,
000000008000fe70,,a4:0000000000000000,,0ff77713,3,"andi    a4, a4, 255",,
000000008000fe78,,a4:0000000080012040,,fc843703,3,"ld      a4, -56(s0)",,
000000008000fe7c,,a5:000000000000009c,,fb843783,3,"ld      a5, -72(s0)",,
000000008000fe80,,a5:00000000800120dc,,000097ba,3,"c.add   a5, a4",,
000000008000fe82,,a4:0000000080012049,,fe043703,3,"ld      a4, -32(s0)",,
000000008000fe60,,a5:0000000080012049,,fe043783,3,"ld      a5, -32(s0)",,
000000008000fe64,,a4:000000008001204a,,00178713,3,"addi    a4, a5, 1",,
000000008000fe6c,,a4:0000000000000000,,fc442703,3,"lw      a4, -60(s0)",,
000000008000fe70,,a4:0000000000000000,,0ff77713,3,"andi    a4, a4, 255",,
000000008000fe78,,a4:0000000080012040,,fc843703,3,"ld      a4, -56(s0)",,
000000008000fe7c,,a5:000000000000009c,,fb843783,3,"ld      a5, -72(s0)",,
000000008000fe80,,a5:00000000800120dc,,000097ba,3,"c.add   a5, a4",,
000000008000fe82,,a4:000000008001204a,,fe043703,3,"ld      a4, -32(s0)",,
000000008000fe60,,a5:000000008001204a,,fe043783,3,"ld      a5, -32(s0)",,
000000008000fe64,,a4:000000008001204b,,00178713,3,"addi    a4, a5, 1",,
000000008000fe6c,,a4:0000000000000000,,fc442703,3,"lw      a4, -60(s0)",,
000000008000fe70,,a4:0000000000000000,,0ff77713,3,"andi    a4, a4, 255",,
000000008000fe78,,a4:0000000080012040,,fc843703,3,"ld      a4, -56(s0)",,
000000008000fe7c,,a5:000000000000009c,,fb843783,3,"ld      a5, -72(s0)",,
000000008000fe80,,a5:00000000800120dc,,000097ba,3,"c.add   a5, a4",,
000000008000fe82,,a4:000000008001204b,,fe043703,3,"ld      a4, -32(s0)",,
000000008000fe60,,a5:000000008001204b,,fe043783,3,"ld      a5, -32(s0)",,
000000008000fe64,,a4:000000008001204c,,00178713,3,"addi    a4, a5, 1",,
000000008000fe6c,,a4:0000000000000000,,fc442703,3,"lw      a4, -60(s0)",,
000000008000fe70,,a4:0000000000000000,,0ff77713,3,"andi    a4, a4, 255",,
000000008000fe78,,a4:0000000080012040,,fc843703,3,"ld      a4, -56(s0)",,
000000008000fe7c,,a5:000000000000009c,,fb843783,3,"ld      a5, -72(s0)",,
000000008000fe80,,a5:00000000800120dc,,000097ba,3,"c.add   a5, a4",,
000000008000fe82,,a4:000000008001204c,,fe043703,3,"ld      a4, -32(s0)",,
000000008000fe60,,a5:000000008001204c,,fe043783,3,"ld      a5, -32(s0)",,
000000008000fe64,,a4:000000008001204d,,00178713,3,"addi    a4, a5, 1",,
000000008000fe6c,,a4:0000000000000000,,fc442703,3,"lw      a4, -60(s0)",,
000000008000fe70,,a4:0000000000000000,,0ff77713,3,"andi    a4, a4, 255",,
000000008000fe78,,a4:0000000080012040,,fc843703,3,"ld      a4, -56(s0)",,
000000008000fe7c,,a5:000000000000009c,,fb843783,3,"ld      a5, -72(s0)",,
000000008000fe80,,a5:00000000800120dc,,000097ba,3,"c.add   a5, a4",,
000000008000fe82,,a4:000000008001204d,,fe043703,3,"ld      a4, -32(s0)",,
000000008000fe60,,a5:000000008001204d,,fe043783,3,"ld      a5, -32(s0)",,
000000008000fe64,,a4:000000008001204e,,00178713,3,"addi    a4, a5, 1",,
000000008000fe6c,,a4:0000000000000000,,fc442703,3,"lw      a4, -60(s0)",,
000000008000fe70,,a4:0000000000000000,,0ff77713,3,"andi    a4, a4, 255",,
000000008000fe78,,a4:0000000080012040,,fc843703,3,"ld      a4, -56(s0)",,
000000008000fe7c,,a5:000000000000009c,,fb843783,3,"ld      a5, -72(s0)",,
000000008000fe80,,a5:00000000800120dc,,000097ba,3,"c.add   a5, a4",,
000000008000fe82,,a4:000000008001204e,,fe043703,3,"ld      a4, -32(s0)",,
000000008000fe60,,a5:000000008001204e,,fe043783,3,"ld      a5, -32(s0)",,
000000008000fe64,,a4:000000008001204f,,00178713,3,"addi    a4, a5, 1",,
000000008000fe6c,,a4:0000000000000000,,fc442703,3,"lw      a4, -60(s0)",,
000000008000fe70,,a4:0000000000000000,,0ff77713,3,"andi    a4, a4, 255",,
000000008000fe78,,a4:0000000080012040,,fc843703,3,"ld      a4, -56(s0)",,
000000008000fe7c,,a5:000000000000009c,,fb843783,3,"ld      a5, -72(s0)",,
000000008000fe80,,a5:00000000800120dc,,000097ba,3,"c.add   a5, a4",,
000000008000fe82,,a4:000000008001204f,,fe043703,3,"ld      a4, -32(s0)",,
000000008000fe60,,a5:000000008001204f,,fe043783,3,"ld      a5, -32(s0)",,
000000008000fe64,,a4:0000000080012050,,00178713,3,"addi    a4, a5, 1",,
000000008000fe6c,,a4:0000000000000000,,fc442703,3,"lw      a4, -60(s0)",,
000000008000fe70,,a4:0000000000000000,,0ff77713,3,"andi    a4, a4, 255",,
000000008000fe78,,a4:0000000080012040,,fc843703,3,"ld      a4, -56(s0)",,
000000008000fe7c,,a5:000000000000009c,,fb843783,3,"ld      a5, -72(s0)",,
000000008000fe80,,a5:00000000800120dc,,000097ba,3,"c.add   a5, a4",,
000000008000fe82,,a4:0000000080012050,,fe043703,3,"ld      a4, -32(s0)",,
000000008000fe60,,a5:0000000080012050,,fe043783,3,"ld      a5, -32(s0)",,
000000008000fe64,,a4:0000000080012051,,00178713,3,"addi    a4, a5, 1",,
000000008000fe6c,,a4:0000000000000000,,fc442703,3,"lw      a4, -60(s0)",,
000000008000fe70,,a4:0000000000000000,,0ff77713,3,"andi    a4, a4, 255",,
000000008000fe78,,a4:0000000080012040,,fc843703,3,"ld      a4, -56(s0)",,
000000008000fe7c,,a5:000000000000009c,,fb843783,3,"ld      a5, -72(s0)",,
000000008000fe80,,a5:00000000800120dc,,000097ba,3,"c.add   a5, a4",,
000000008000fe82,,a4:0000000080012051,,fe043703,3,"ld      a4, -32(s0)",,
000000008000fe60,,a5:0000000080012051,,fe043783,3,"ld      a5, -32(s0)",,
000000008000fe64,,a4:0000000080012052,,00178713,3,"addi    a4, a5, 1",,
000000008000fe6c,,a4:0000000000000000,,fc442703,3,"lw      a4, -60(s0)",,
000000008000fe70,,a4:0000000000000000,,0ff77713,3,"andi    a4, a4, 255",,
000000008000fe78,,a4:0000000080012040,,fc843703,3,"ld      a4, -56(s0)",,
000000008000fe7c,,a5:000000000000009c,,fb843783,3,"ld      a5, -72(s0)",,
000000008000fe80,,a5:00000000800120dc,,000097ba,3,"c.add   a5, a4",,
000000008000fe82,,a4:0000000080012052,,fe043703,3,"ld      a4, -32(s0)",,
000000008000fe60,,a5:0000000080012052,,fe043783,3,"ld      a5, -32(s0)",,
000000008000fe64,,a4:0000000080012053,,00178713,3,"addi    a4, a5, 1",,
000000008000fe6c,,a4:0000000000000000,,fc442703,3,"lw      a4, -60(s0)",,
000000008000fe70,,a4:0000000000000000,,0ff77713,3,"andi    a4, a4, 255",,
000000008000fe78,,a4:0000000080012040,,fc843703,3,"ld      a4, -56(s0)",,
000000008000fe7c,,a5:000000000000009c,,fb843783,3,"ld      a5, -72(s0)",,
000000008000fe80,,a5:00000000800120dc,,000097ba,3,"c.add   a5, a4",,
000000008000fe82,,a4:0000000080012053,,fe043703,3,"ld      a4, -32(s0)",,
000000008000fe60,,a5:0000000080012053,,fe043783,3,"ld      a5, -32(s0)",,
000000008000fe64,,a4:0000000080012054,,00178713,3,"addi    a4, a5, 1",,
000000008000fe6c,,a4:0000000000000000,,fc442703,3,"lw      a4, -60(s0)",,
000000008000fe70,,a4:0000000000000000,,0ff77713,3,"andi    a4, a4, 255",,
000000008000fe78,,a4:0000000080012040,,fc843703,3,"ld      a4, -56(s0)",,
000000008000fe7c,,a5:000000000000009c,,fb843783,3,"ld      a5, -72(s0)",,
000000008000fe80,,a5:00000000800120dc,,000097ba,3,"c.add   a5, a4",,
000000008000fe82,,a4:0000000080012054,,fe043703,3,"ld      a4, -32(s0)",,
000000008000fe60,,a5:0000000080012054,,fe043783,3,"ld      a5, -32(s0)",,
000000008000fe64,,a4:0000000080012055,,00178713,3,"addi    a4, a5, 1",,
000000008000fe6c,,a4:0000000000000000,,fc442703,3,"lw      a4, -60(s0)",,
000000008000fe70,,a4:0000000000000000,,0ff77713,3,"andi    a4, a4, 255",,
000000008000fe78,,a4:0000000080012040,,fc843703,3,"ld      a4, -56(s0)",,
000000008000fe7c,,a5:000000000000009c,,fb843783,3,"ld      a5, -72(s0)",,
000000008000fe80,,a5:00000000800120dc,,000097ba,3,"c.add   a5, a4",,
000000008000fe82,,a4:0000000080012055,,fe043703,3,"ld      a4, -32(s0)",,
000000008000fe60,,a5:0000000080012055,,fe043783,3,"ld      a5, -32(s0)",,
000000008000fe64,,a4:0000000080012056,,00178713,3,"addi    a4, a5, 1",,
000000008000fe6c,,a4:0000000000000000,,fc442703,3,"lw      a4, -60(s0)",,
000000008000fe70,,a4:0000000000000000,,0ff77713,3,"andi    a4, a4, 255",,
000000008000fe78,,a4:0000000080012040,,fc843703,3,"ld      a4, -56(s0)",,
000000008000fe7c,,a5:000000000000009c,,fb843783,3,"ld      a5, -72(s0)",,
000000008000fe80,,a5:00000000800120dc,,000097ba,3,"c.add   a5, a4",,
000000008000fe82,,a4:0000000080012056,,fe043703,3,"ld      a4, -32(s0)",,
000000008000fe60,,a5:0000000080012056,,fe043783,3,"ld      a5, -32(s0)",,
000000008000fe64,,a4:0000000080012057,,00178713,3,"addi    a4, a5, 1",,
000000008000fe6c,,a4:0000000000000000,,fc442703,3,"lw      a4, -60(s0)",,
000000008000fe70,,a4:0000000000000000,,0ff77713,3,"andi    a4, a4, 255",,
000000008000fe78,,a4:0000000080012040,,fc843703,3,"ld      a4, -56(s0)",,
000000008000fe7c,,a5:000000000000009c,,fb843783,3,"ld      a5, -72(s0)",,
000000008000fe80,,a5:00000000800120dc,,000097ba,3,"c.add   a5, a4",,
000000008000fe82,,a4:0000000080012057,,fe043703,3,"ld      a4, -32(s0)",,
000000008000fe60,,a5:0000000080012057,,fe043783,3,"ld      a5, -32(s0)",,
000000008000fe64,,a4:0000000080012058,,00178713,3,"addi    a4, a5, 1",,
000000008000fe6c,,a4:0000000000000000,,fc442703,3,"lw      a4, -60(s0)",,
000000008000fe70,,a4:0000000000000000,,0ff77713,3,"andi    a4, a4, 255",,
000000008000fe78,,a4:0000000080012040,,fc843703,3,"ld      a4, -56(s0)",,
000000008000fe7c,,a5:000000000000009c,,fb843783,3,"ld      a5, -72(s0)",,
000000008000fe80,,a5:00000000800120dc,,000097ba,3,"c.add   a5, a4",,
000000008000fe82,,a4:0000000080012058,,fe043703,3,"ld      a4, -32(s0)",,
000000008000fe60,,a5:0000000080012058,,fe043783,3,"ld      a5, -32(s0)",,
000000008000fe64,,a4:0000000080012059,,00178713,3,"addi    a4, a5, 1",,
000000008000fe6c,,a4:0000000000000000,,fc442703,3,"lw      a4, -60(s0)",,
000000008000fe70,,a4:0000000000000000,,0ff77713,3,"andi    a4, a4, 255",,
000000008000fe78,,a4:0000000080012040,,fc843703,3,"ld      a4, -56(s0)",,
000000008000fe7c,,a5:000000000000009c,,fb843783,3,"ld      a5, -72(s0)",,
000000008000fe80,,a5:00000000800120dc,,000097ba,3,"c.add   a5, a4",,
000000008000fe82,,a4:0000000080012059,,fe043703,3,"ld      a4, -32(s0)",,
000000008000fe60,,a5:0000000080012059,,fe043783,3,"ld      a5, -32(s0)",,
000000008000fe64,,a4:000000008001205a,,00178713,3,"addi    a4, a5, 1",,
000000008000fe6c,,a4:0000000000000000,,fc442703,3,"lw      a4, -60(s0)",,
000000008000fe70,,a4:0000000000000000,,0ff77713,3,"andi    a4, a4, 255",,
000000008000fe78,,a4:0000000080012040,,fc843703,3,"ld      a4, -56(s0)",,
000000008000fe7c,,a5:000000000000009c,,fb843783,3,"ld      a5, -72(s0)",,
000000008000fe80,,a5:00000000800120dc,,000097ba,3,"c.add   a5, a4",,
000000008000fe82,,a4:000000008001205a,,fe043703,3,"ld      a4, -32(s0)",,
000000008000fe60,,a5:000000008001205a,,fe043783,3,"ld      a5, -32(s0)",,
000000008000fe64,,a4:000000008001205b,,00178713,3,"addi    a4, a5, 1",,
000000008000fe6c,,a4:0000000000000000,,fc442703,3,"lw      a4, -60(s0)",,
000000008000fe70,,a4:0000000000000000,,0ff77713,3,"andi    a4, a4, 255",,
000000008000fe78,,a4:0000000080012040,,fc843703,3,"ld      a4, -56(s0)",,
000000008000fe7c,,a5:000000000000009c,,fb843783,3,"ld      a5, -72(s0)",,
000000008000fe80,,a5:00000000800120dc,,000097ba,3,"c.add   a5, a4",,
000000008000fe82,,a4:000000008001205b,,fe043703,3,"ld      a4, -32(s0)",,
000000008000fe60,,a5:000000008001205b,,fe043783,3,"ld      a5, -32(s0)",,
000000008000fe64,,a4:000000008001205c,,00178713,3,"addi    a4, a5, 1",,
000000008000fe6c,,a4:0000000000000000,,fc442703,3,"lw      a4, -60(s0)",,
000000008000fe70,,a4:0000000000000000,,0ff77713,3,"andi    a4, a4, 255",,
000000008000fe78,,a4:0000000080012040,,fc843703,3,"ld      a4, -56(s0)",,
000000008000fe7c,,a5:000000000000009c,,fb843783,3,"ld      a5, -72(s0)",,
000000008000fe80,,a5:00000000800120dc,,000097ba,3,"c.add   a5, a4",,
000000008000fe82,,a4:000000008001205c,,fe043703,3,"ld      a4, -32(s0)",,
000000008000fe60,,a5:000000008001205c,,fe043783,3,"ld      a5, -32(s0)",,
000000008000fe64,,a4:000000008001205d,,00178713,3,"addi    a4, a5, 1",,
000000008000fe6c,,a4:0000000000000000,,fc442703,3,"lw      a4, -60(s0)",,
000000008000fe70,,a4:0000000000000000,,0ff77713,3,"andi    a4, a4, 255",,
000000008000fe78,,a4:0000000080012040,,fc843703,3,"ld      a4, -56(s0)",,
000000008000fe7c,,a5:000000000000009c,,fb843783,3,"ld      a5, -72(s0)",,
000000008000fe80,,a5:00000000800120dc,,000097ba,3,"c.add   a5, a4",,
000000008000fe82,,a4:000000008001205d,,fe043703,3,"ld      a4, -32(s0)",,
000000008000fe60,,a5:000000008001205d,,fe043783,3,"ld      a5, -32(s0)",,
000000008000fe64,,a4:000000008001205e,,00178713,3,"addi    a4, a5, 1",,
000000008000fe6c,,a4:0000000000000000,,fc442703,3,"lw      a4, -60(s0)",,
000000008000fe70,,a4:0000000000000000,,0ff77713,3,"andi    a4, a4, 255",,
000000008000fe78,,a4:0000000080012040,,fc843703,3,"ld      a4, -56(s0)",,
000000008000fe7c,,a5:000000000000009c,,fb843783,3,"ld      a5, -72(s0)",,
000000008000fe80,,a5:00000000800120dc,,000097ba,3,"c.add   a5, a4",,
000000008000fe82,,a4:000000008001205e,,fe043703,3,"ld      a4, -32(s0)",,
000000008000fe60,,a5:000000008001205e,,fe043783,3,"ld      a5, -32(s0)",,
000000008000fe64,,a4:000000008001205f,,00178713,3,"addi    a4, a5, 1",,
000000008000fe6c,,a4:0000000000000000,,fc442703,3,"lw      a4, -60(s0)",,
000000008000fe70,,a4:0000000000000000,,0ff77713,3,"andi    a4, a4, 255",,
000000008000fe78,,a4:0000000080012040,,fc843703,3,"ld      a4, -56(s0)",,
000000008000fe7c,,a5:000000000000009c,,fb843783,3,"ld      a5, -72(s0)",,
000000008000fe80,,a5:00000000800120dc,,000097ba,3,"c.add   a5, a4",,
000000008000fe82,,a4:000000008001205f,,fe043703,3,"ld      a4, -32(s0)",,
000000008000fe60,,a5:000000008001205f,,fe043783,3,"ld      a5, -32(s0)",,
000000008000fe64,,a4:0000000080012060,,00178713,3,"addi    a4, a5, 1",,
000000008000fe6c,,a4:0000000000000000,,fc442703,3,"lw      a4, -60(s0)",,
000000008000fe70,,a4:0000000000000000,,0ff77713,3,"andi    a4, a4, 255",,
000000008000fe78,,a4:0000000080012040,,fc843703,3,"ld      a4, -56(s0)",,
000000008000fe7c,,a5:000000000000009c,,fb843783,3,"ld      a5, -72(s0)",,
000000008000fe80,,a5:00000000800120dc,,000097ba,3,"c.add   a5, a4",,
000000008000fe82,,a4:0000000080012060,,fe043703,3,"ld      a4, -32(s0)",,
000000008000fe60,,a5:0000000080012060,,fe043783,3,"ld      a5, -32(s0)",,
000000008000fe64,,a4:0000000080012061,,00178713,3,"addi    a4, a5, 1",,
000000008000fe6c,,a4:0000000000000000,,fc442703,3,"lw      a4, -60(s0)",,
000000008000fe70,,a4:0000000000000000,,0ff77713,3,"andi    a4, a4, 255",,
000000008000fe78,,a4:0000000080012040,,fc843703,3,"ld      a4, -56(s0)",,
000000008000fe7c,,a5:000000000000009c,,fb843783,3,"ld      a5, -72(s0)",,
000000008000fe80,,a5:00000000800120dc,,000097ba,3,"c.add   a5, a4",,
000000008000fe82,,a4:0000000080012061,,fe043703,3,"ld      a4, -32(s0)",,
000000008000fe60,,a5:0000000080012061,,fe043783,3,"ld      a5, -32(s0)",,
000000008000fe64,,a4:0000000080012062,,00178713,3,"addi    a4, a5, 1",,
000000008000fe6c,,a4:0000000000000000,,fc442703,3,"lw      a4, -60(s0)",,
000000008000fe70,,a4:0000000000000000,,0ff77713,3,"andi    a4, a4, 255",,
000000008000fe78,,a4:0000000080012040,,fc843703,3,"ld      a4, -56(s0)",,
000000008000fe7c,,a5:000000000000009c,,fb843783,3,"ld      a5, -72(s0)",,
000000008000fe80,,a5:00000000800120dc,,000097ba,3,"c.add   a5, a4",,
000000008000fe82,,a4:0000000080012062,,fe043703,3,"ld      a4, -32(s0)",,
000000008000fe60,,a5:0000000080012062,,fe043783,3,"ld      a5, -32(s0)",,
000000008000fe64,,a4:0000000080012063,,00178713,3,"addi    a4, a5, 1",,
000000008000fe6c,,a4:0000000000000000,,fc442703,3,"lw      a4, -60(s0)",,
000000008000fe70,,a4:0000000000000000,,0ff77713,3,"andi    a4, a4, 255",,
000000008000fe78,,a4:0000000080012040,,fc843703,3,"ld      a4, -56(s0)",,
000000008000fe7c,,a5:000000000000009c,,fb843783,3,"ld      a5, -72(s0)",,
000000008000fe80,,a5:00000000800120dc,,000097ba,3,"c.add   a5, a4",,
000000008000fe82,,a4:0000000080012063,,fe043703,3,"ld      a4, -32(s0)",,
000000008000fe60,,a5:0000000080012063,,fe043783,3,"ld      a5, -32(s0)",,
000000008000fe64,,a4:0000000080012064,,00178713,3,"addi    a4, a5, 1",,
000000008000fe6c,,a4:0000000000000000,,fc442703,3,"lw      a4, -60(s0)",,
000000008000fe70,,a4:0000000000000000,,0ff77713,3,"andi    a4, a4, 255",,
000000008000fe78,,a4:0000000080012040,,fc843703,3,"ld      a4, -56(s0)",,
000000008000fe7c,,a5:000000000000009c,,fb843783,3,"ld      a5, -72(s0)",,
000000008000fe80,,a5:00000000800120dc,,000097ba,3,"c.add   a5, a4",,
000000008000fe82,,a4:0000000080012064,,fe043703,3,"ld      a4, -32(s0)",,
000000008000fe60,,a5:0000000080012064,,fe043783,3,"ld      a5, -32(s0)",,
000000008000fe64,,a4:0000000080012065,,00178713,3,"addi    a4, a5, 1",,
000000008000fe6c,,a4:0000000000000000,,fc442703,3,"lw      a4, -60(s0)",,
000000008000fe70,,a4:0000000000000000,,0ff77713,3,"andi    a4, a4, 255",,
000000008000fe78,,a4:0000000080012040,,fc843703,3,"ld      a4, -56(s0)",,
000000008000fe7c,,a5:000000000000009c,,fb843783,3,"ld      a5, -72(s0)",,
000000008000fe80,,a5:00000000800120dc,,000097ba,3,"c.add   a5, a4",,
000000008000fe82,,a4:0000000080012065,,fe043703,3,"ld      a4, -32(s0)",,
000000008000fe60,,a5:0000000080012065,,fe043783,3,"ld      a5, -32(s0)",,
000000008000fe64,,a4:0000000080012066,,00178713,3,"addi    a4, a5, 1",,
000000008000fe6c,,a4:0000000000000000,,fc442703,3,"lw      a4, -60(s0)",,
000000008000fe70,,a4:0000000000000000,,0ff77713,3,"andi    a4, a4, 255",,
000000008000fe78,,a4:0000000080012040,,fc843703,3,"ld      a4, -56(s0)",,
000000008000fe7c,,a5:000000000000009c,,fb843783,3,"ld      a5, -72(s0)",,
000000008000fe80,,a5:00000000800120dc,,000097ba,3,"c.add   a5, a4",,
000000008000fe82,,a4:0000000080012066,,fe043703,3,"ld      a4, -32(s0)",,
000000008000fe60,,a5:0000000080012066,,fe043783,3,"ld      a5, -32(s0)",,
000000008000fe64,,a4:0000000080012067,,00178713,3,"addi    a4, a5, 1",,
000000008000fe6c,,a4:0000000000000000,,fc442703,3,"lw      a4, -60(s0)",,
000000008000fe70,,a4:0000000000000000,,0ff77713,3,"andi    a4, a4, 255",,
000000008000fe78,,a4:0000000080012040,,fc843703,3,"ld      a4, -56(s0)",,
000000008000fe7c,,a5:000000000000009c,,fb843783,3,"ld      a5, -72(s0)",,
000000008000fe80,,a5:00000000800120dc,,000097ba,3,"c.add   a5, a4",,
000000008000fe82,,a4:0000000080012067,,fe043703,3,"ld      a4, -32(s0)",,
000000008000fe60,,a5:0000000080012067,,fe043783,3,"ld      a5, -32(s0)",,
000000008000fe64,,a4:0000000080012068,,00178713,3,"addi    a4, a5, 1",,
000000008000fe6c,,a4:0000000000000000,,fc442703,3,"lw      a4, -60(s0)",,
000000008000fe70,,a4:0000000000000000,,0ff77713,3,"andi    a4, a4, 255",,
000000008000fe78,,a4:0000000080012040,,fc843703,3,"ld      a4, -56(s0)",,
000000008000fe7c,,a5:000000000000009c,,fb843783,3,"ld      a5, -72(s0)",,
000000008000fe80,,a5:00000000800120dc,,000097ba,3,"c.add   a5, a4",,
000000008000fe82,,a4:0000000080012068,,fe043703,3,"ld      a4, -32(s0)",,
000000008000fe60,,a5:0000000080012068,,fe043783,3,"ld      a5, -32(s0)",,
000000008000fe64,,a4:0000000080012069,,00178713,3,"addi    a4, a5, 1",,
000000008000fe6c,,a4:0000000000000000,,fc442703,3,"lw      a4, -60(s0)",,
000000008000fe70,,a4:0000000000000000,,0ff77713,3,"andi    a4, a4, 255",,
000000008000fe78,,a4:0000000080012040,,fc843703,3,"ld      a4, -56(s0)",,
000000008000fe7c,,a5:000000000000009c,,fb843783,3,"ld      a5, -72(s0)",,
000000008000fe80,,a5:00000000800120dc,,000097ba,3,"c.add   a5, a4",,
000000008000fe82,,a4:0000000080012069,,fe043703,3,"ld      a4, -32(s0)",,
000000008000fe60,,a5:0000000080012069,,fe043783,3,"ld      a5, -32(s0)",,
000000008000fe64,,a4:000000008001206a,,00178713,3,"addi    a4, a5, 1",,
000000008000fe6c,,a4:0000000000000000,,fc442703,3,"lw      a4, -60(s0)",,
000000008000fe70,,a4:0000000000000000,,0ff77713,3,"andi    a4, a4, 255",,
000000008000fe78,,a4:0000000080012040,,fc843703,3,"ld      a4, -56(s0)",,
000000008000fe7c,,a5:000000000000009c,,fb843783,3,"ld      a5, -72(s0)",,
000000008000fe80,,a5:00000000800120dc,,000097ba,3,"c.add   a5, a4",,
000000008000fe82,,a4:000000008001206a,,fe043703,3,"ld      a4, -32(s0)",,
000000008000fe60,,a5:000000008001206a,,fe043783,3,"ld      a5, -32(s0)",,
000000008000fe64,,a4:000000008001206b,,00178713,3,"addi    a4, a5, 1",,
000000008000fe6c,,a4:0000000000000000,,fc442703,3,"lw      a4, -60(s0)",,
000000008000fe70,,a4:0000000000000000,,0ff77713,3,"andi    a4, a4, 255",,
000000008000fe78,,a4:0000000080012040,,fc843703,3,"ld      a4, -56(s0)",,
000000008000fe7c,,a5:000000000000009c,,fb843783,3,"ld      a5, -72(s0)",,
000000008000fe80,,a5:00000000800120dc,,000097ba,3,"c.add   a5, a4",,
000000008000fe82,,a4:000000008001206b,,fe043703,3,"ld      a4, -32(s0)",,
000000008000fe60,,a5:000000008001206b,,fe043783,3,"ld      a5, -32(s0)",,
000000008000fe64,,a4:000000008001206c,,00178713,3,"addi    a4, a5, 1",,
000000008000fe6c,,a4:0000000000000000,,fc442703,3,"lw      a4, -60(s0)",,
000000008000fe70,,a4:0000000000000000,,0ff77713,3,"andi    a4, a4, 255",,
000000008000fe78,,a4:0000000080012040,,fc843703,3,"ld      a4, -56(s0)",,
000000008000fe7c,,a5:000000000000009c,,fb843783,3,"ld      a5, -72(s0)",,
000000008000fe80,,a5:00000000800120dc,,000097ba,3,"c.add   a5, a4",,
000000008000fe82,,a4:000000008001206c,,fe043703,3,"ld      a4, -32(s0)",,
000000008000fe60,,a5:000000008001206c,,fe043783,3,"ld      a5, -32(s0)",,
000000008000fe64,,a4:000000008001206d,,00178713,3,"addi    a4, a5, 1",,
000000008000fe6c,,a4:0000000000000000,,fc442703,3,"lw      a4, -60(s0)",,
000000008000fe70,,a4:0000000000000000,,0ff77713,3,"andi    a4, a4, 255",,
000000008000fe78,,a4:0000000080012040,,fc843703,3,"ld      a4, -56(s0)",,
000000008000fe7c,,a5:000000000000009c,,fb843783,3,"ld      a5, -72(s0)",,
000000008000fe80,,a5:00000000800120dc,,000097ba,3,"c.add   a5, a4",,
000000008000fe82,,a4:000000008001206d,,fe043703,3,"ld      a4, -32(s0)",,
000000008000fe60,,a5:000000008001206d,,fe043783,3,"ld      a5, -32(s0)",,
000000008000fe64,,a4:000000008001206e,,00178713,3,"addi    a4, a5, 1",,
000000008000fe6c,,a4:0000000000000000,,fc442703,3,"lw      a4, -60(s0)",,
000000008000fe70,,a4:0000000000000000,,0ff77713,3,"andi    a4, a4, 255",,
000000008000fe78,,a4:0000000080012040,,fc843703,3,"ld      a4, -56(s0)",,
000000008000fe7c,,a5:000000000000009c,,fb843783,3,"ld      a5, -72(s0)",,
000000008000fe80,,a5:00000000800120dc,,000097ba,3,"c.add   a5, a4",,
000000008000fe82,,a4:000000008001206e,,fe043703,3,"ld      a4, -32(s0)",,
000000008000fe60,,a5:000000008001206e,,fe043783,3,"ld      a5, -32(s0)",,
000000008000fe64,,a4:000000008001206f,,00178713,3,"addi    a4, a5, 1",,
000000008000fe6c,,a4:0000000000000000,,fc442703,3,"lw      a4, -60(s0)",,
000000008000fe70,,a4:0000000000000000,,0ff77713,3,"andi    a4, a4, 255",,
000000008000fe78,,a4:0000000080012040,,fc843703,3,"ld      a4, -56(s0)",,
000000008000fe7c,,a5:000000000000009c,,fb843783,3,"ld      a5, -72(s0)",,
000000008000fe80,,a5:00000000800120dc,,000097ba,3,"c.add   a5, a4",,
000000008000fe82,,a4:000000008001206f,,fe043703,3,"ld      a4, -32(s0)",,
000000008000fe60,,a5:000000008001206f,,fe043783,3,"ld      a5, -32(s0)",,
000000008000fe64,,a4:0000000080012070,,00178713,3,"addi    a4, a5, 1",,
000000008000fe6c,,a4:0000000000000000,,fc442703,3,"lw      a4, -60(s0)",,
000000008000fe70,,a4:0000000000000000,,0ff77713,3,"andi    a4, a4, 255",,
000000008000fe78,,a4:0000000080012040,,fc843703,3,"ld      a4, -56(s0)",,
000000008000fe7c,,a5:000000000000009c,,fb843783,3,"ld      a5, -72(s0)",,
000000008000fe80,,a5:00000000800120dc,,000097ba,3,"c.add   a5, a4",,
000000008000fe82,,a4:0000000080012070,,fe043703,3,"ld      a4, -32(s0)",,
000000008000fe60,,a5:0000000080012070,,fe043783,3,"ld      a5, -32(s0)",,
000000008000fe64,,a4:0000000080012071,,00178713,3,"addi    a4, a5, 1",,
000000008000fe6c,,a4:0000000000000000,,fc442703,3,"lw      a4, -60(s0)",,
000000008000fe70,,a4:0000000000000000,,0ff77713,3,"andi    a4, a4, 255",,
000000008000fe78,,a4:0000000080012040,,fc843703,3,"ld      a4, -56(s0)",,
000000008000fe7c,,a5:000000000000009c,,fb843783,3,"ld      a5, -72(s0)",,
000000008000fe80,,a5:00000000800120dc,,000097ba,3,"c.add   a5, a4",,
000000008000fe82,,a4:0000000080012071,,fe043703,3,"ld      a4, -32(s0)",,
000000008000fe60,,a5:0000000080012071,,fe043783,3,"ld      a5, -32(s0)",,
000000008000fe64,,a4:0000000080012072,,00178713,3,"addi    a4, a5, 1",,
000000008000fe6c,,a4:0000000000000000,,fc442703,3,"lw      a4, -60(s0)",,
000000008000fe70,,a4:0000000000000000,,0ff77713,3,"andi    a4, a4, 255",,
000000008000fe78,,a4:0000000080012040,,fc843703,3,"ld      a4, -56(s0)",,
000000008000fe7c,,a5:000000000000009c,,fb843783,3,"ld      a5, -72(s0)",,
000000008000fe80,,a5:00000000800120dc,,000097ba,3,"c.add   a5, a4",,
000000008000fe82,,a4:0000000080012072,,fe043703,3,"ld      a4, -32(s0)",,
000000008000fe60,,a5:0000000080012072,,fe043783,3,"ld      a5, -32(s0)",,
000000008000fe64,,a4:0000000080012073,,00178713,3,"addi    a4, a5, 1",,
000000008000fe6c,,a4:0000000000000000,,fc442703,3,"lw      a4, -60(s0)",,
000000008000fe70,,a4:0000000000000000,,0ff77713,3,"andi    a4, a4, 255",,
000000008000fe78,,a4:0000000080012040,,fc843703,3,"ld      a4, -56(s0)",,
000000008000fe7c,,a5:000000000000009c,,fb843783,3,"ld      a5, -72(s0)",,
000000008000fe80,,a5:00000000800120dc,,000097ba,3,"c.add   a5, a4",,
000000008000fe82,,a4:0000000080012073,,fe043703,3,"ld      a4, -32(s0)",,
000000008000fe60,,a5:0000000080012073,,fe043783,3,"ld      a5, -32(s0)",,
000000008000fe64,,a4:0000000080012074,,00178713,3,"addi    a4, a5, 1",,
000000008000fe6c,,a4:0000000000000000,,fc442703,3,"lw      a4, -60(s0)",,
000000008000fe70,,a4:0000000000000000,,0ff77713,3,"andi    a4, a4, 255",,
000000008000fe78,,a4:0000000080012040,,fc843703,3,"ld      a4, -56(s0)",,
000000008000fe7c,,a5:000000000000009c,,fb843783,3,"ld      a5, -72(s0)",,
000000008000fe80,,a5:00000000800120dc,,000097ba,3,"c.add   a5, a4",,
000000008000fe82,,a4:0000000080012074,,fe043703,3,"ld      a4, -32(s0)",,
000000008000fe60,,a5:0000000080012074,,fe043783,3,"ld      a5, -32(s0)",,
000000008000fe64,,a4:0000000080012075,,00178713,3,"addi    a4, a5, 1",,
000000008000fe6c,,a4:0000000000000000,,fc442703,3,"lw      a4, -60(s0)",,
000000008000fe70,,a4:0000000000000000,,0ff77713,3,"andi    a4, a4, 255",,
000000008000fe78,,a4:0000000080012040,,fc843703,3,"ld      a4, -56(s0)",,
000000008000fe7c,,a5:000000000000009c,,fb843783,3,"ld      a5, -72(s0)",,
000000008000fe80,,a5:00000000800120dc,,000097ba,3,"c.add   a5, a4",,
000000008000fe82,,a4:0000000080012075,,fe043703,3,"ld      a4, -32(s0)",,
000000008000fe60,,a5:0000000080012075,,fe043783,3,"ld      a5, -32(s0)",,
000000008000fe64,,a4:0000000080012076,,00178713,3,"addi    a4, a5, 1",,
000000008000fe6c,,a4:0000000000000000,,fc442703,3,"lw      a4, -60(s0)",,
000000008000fe70,,a4:0000000000000000,,0ff77713,3,"andi    a4, a4, 255",,
000000008000fe78,,a4:0000000080012040,,fc843703,3,"ld      a4, -56(s0)",,
000000008000fe7c,,a5:000000000000009c,,fb843783,3,"ld      a5, -72(s0)",,
000000008000fe80,,a5:00000000800120dc,,000097ba,3,"c.add   a5, a4",,
000000008000fe82,,a4:0000000080012076,,fe043703,3,"ld      a4, -32(s0)",,
000000008000fe60,,a5:0000000080012076,,fe043783,3,"ld      a5, -32(s0)",,
000000008000fe64,,a4:0000000080012077,,00178713,3,"addi    a4, a5, 1",,
000000008000fe6c,,a4:0000000000000000,,fc442703,3,"lw      a4, -60(s0)",,
000000008000fe70,,a4:0000000000000000,,0ff77713,3,"andi    a4, a4, 255",,
000000008000fe78,,a4:0000000080012040,,fc843703,3,"ld      a4, -56(s0)",,
000000008000fe7c,,a5:000000000000009c,,fb843783,3,"ld      a5, -72(s0)",,
000000008000fe80,,a5:00000000800120dc,,000097ba,3,"c.add   a5, a4",,
000000008000fe82,,a4:0000000080012077,,fe043703,3,"ld      a4, -32(s0)",,
000000008000fe60,,a5:0000000080012077,,fe043783,3,"ld      a5, -32(s0)",,
000000008000fe64,,a4:0000000080012078,,00178713,3,"addi    a4, a5, 1",,
000000008000fe6c,,a4:0000000000000000,,fc442703,3,"lw      a4, -60(s0)",,
000000008000fe70,,a4:0000000000000000,,0ff77713,3,"andi    a4, a4, 255",,
000000008000fe78,,a4:0000000080012040,,fc843703,3,"ld      a4, -56(s0)",,
000000008000fe7c,,a5:000000000000009c,,fb843783,3,"ld      a5, -72(s0)",,
000000008000fe80,,a5:00000000800120dc,,000097ba,3,"c.add   a5, a4",,
000000008000fe82,,a4:0000000080012078,,fe043703,3,"ld      a4, -32(s0)",,
000000008000fe60,,a5:0000000080012078,,fe043783,3,"ld      a5, -32(s0)",,
000000008000fe64,,a4:0000000080012079,,00178713,3,"addi    a4, a5, 1",,
000000008000fe6c,,a4:0000000000000000,,fc442703,3,"lw      a4, -60(s0)",,
000000008000fe70,,a4:0000000000000000,,0ff77713,3,"andi    a4, a4, 255",,
000000008000fe78,,a4:0000000080012040,,fc843703,3,"ld      a4, -56(s0)",,
000000008000fe7c,,a5:000000000000009c,,fb843783,3,"ld      a5, -72(s0)",,
000000008000fe80,,a5:00000000800120dc,,000097ba,3,"c.add   a5, a4",,
000000008000fe82,,a4:0000000080012079,,fe043703,3,"ld      a4, -32(s0)",,
000000008000fe60,,a5:0000000080012079,,fe043783,3,"ld      a5, -32(s0)",,
000000008000fe64,,a4:000000008001207a,,00178713,3,"addi    a4, a5, 1",,
000000008000fe6c,,a4:0000000000000000,,fc442703,3,"lw      a4, -60(s0)",,
000000008000fe70,,a4:0000000000000000,,0ff77713,3,"andi    a4, a4, 255",,
000000008000fe78,,a4:0000000080012040,,fc843703,3,"ld      a4, -56(s0)",,
000000008000fe7c,,a5:000000000000009c,,fb843783,3,"ld      a5, -72(s0)",,
000000008000fe80,,a5:00000000800120dc,,000097ba,3,"c.add   a5, a4",,
000000008000fe82,,a4:000000008001207a,,fe043703,3,"ld      a4, -32(s0)",,
000000008000fe60,,a5:000000008001207a,,fe043783,3,"ld      a5, -32(s0)",,
000000008000fe64,,a4:000000008001207b,,00178713,3,"addi    a4, a5, 1",,
000000008000fe6c,,a4:0000000000000000,,fc442703,3,"lw      a4, -60(s0)",,
000000008000fe70,,a4:0000000000000000,,0ff77713,3,"andi    a4, a4, 255",,
000000008000fe78,,a4:0000000080012040,,fc843703,3,"ld      a4, -56(s0)",,
000000008000fe7c,,a5:000000000000009c,,fb843783,3,"ld      a5, -72(s0)",,
000000008000fe80,,a5:00000000800120dc,,000097ba,3,"c.add   a5, a4",,
000000008000fe82,,a4:000000008001207b,,fe043703,3,"ld      a4, -32(s0)",,
000000008000fe60,,a5:000000008001207b,,fe043783,3,"ld      a5, -32(s0)",,
000000008000fe64,,a4:000000008001207c,,00178713,3,"addi    a4, a5, 1",,
000000008000fe6c,,a4:0000000000000000,,fc442703,3,"lw      a4, -60(s0)",,
000000008000fe70,,a4:0000000000000000,,0ff77713,3,"andi    a4, a4, 255",,
000000008000fe78,,a4:0000000080012040,,fc843703,3,"ld      a4, -56(s0)",,
000000008000fe7c,,a5:000000000000009c,,fb843783,3,"ld      a5, -72(s0)",,
000000008000fe80,,a5:00000000800120dc,,000097ba,3,"c.add   a5, a4",,
000000008000fe82,,a4:000000008001207c,,fe043703,3,"ld      a4, -32(s0)",,
000000008000fe60,,a5:000000008001207c,,fe043783,3,"ld      a5, -32(s0)",,
000000008000fe64,,a4:000000008001207d,,00178713,3,"addi    a4, a5, 1",,
000000008000fe6c,,a4:0000000000000000,,fc442703,3,"lw      a4, -60(s0)",,
000000008000fe70,,a4:0000000000000000,,0ff77713,3,"andi    a4, a4, 255",,
000000008000fe78,,a4:0000000080012040,,fc843703,3,"ld      a4, -56(s0)",,
000000008000fe7c,,a5:000000000000009c,,fb843783,3,"ld      a5, -72(s0)",,
000000008000fe80,,a5:00000000800120dc,,000097ba,3,"c.add   a5, a4",,
000000008000fe82,,a4:000000008001207d,,fe043703,3,"ld      a4, -32(s0)",,
000000008000fe60,,a5:000000008001207d,,fe043783,3,"ld      a5, -32(s0)",,
000000008000fe64,,a4:000000008001207e,,00178713,3,"addi    a4, a5, 1",,
000000008000fe6c,,a4:0000000000000000,,fc442703,3,"lw      a4, -60(s0)",,
000000008000fe70,,a4:0000000000000000,,0ff77713,3,"andi    a4, a4, 255",,
000000008000fe78,,a4:0000000080012040,,fc843703,3,"ld      a4, -56(s0)",,
000000008000fe7c,,a5:000000000000009c,,fb843783,3,"ld      a5, -72(s0)",,
000000008000fe80,,a5:00000000800120dc,,000097ba,3,"c.add   a5, a4",,
000000008000fe82,,a4:000000008001207e,,fe043703,3,"ld      a4, -32(s0)",,
000000008000fe60,,a5:000000008001207e,,fe043783,3,"ld      a5, -32(s0)",,
000000008000fe64,,a4:000000008001207f,,00178713,3,"addi    a4, a5, 1",,
000000008000fe6c,,a4:0000000000000000,,fc442703,3,"lw      a4, -60(s0)",,
000000008000fe70,,a4:0000000000000000,,0ff77713,3,"andi    a4, a4, 255",,
000000008000fe78,,a4:0000000080012040,,fc843703,3,"ld      a4, -56(s0)",,
000000008000fe7c,,a5:000000000000009c,,fb843783,3,"ld      a5, -72(s0)",,
000000008000fe80,,a5:00000000800120dc,,000097ba,3,"c.add   a5, a4",,
000000008000fe82,,a4:000000008001207f,,fe043703,3,"ld      a4, -32(s0)",,
000000008000fe60,,a5:000000008001207f,,fe043783,3,"ld      a5, -32(s0)",,
000000008000fe64,,a4:0000000080012080,,00178713,3,"addi    a4, a5, 1",,
000000008000fe6c,,a4:0000000000000000,,fc442703,3,"lw      a4, -60(s0)",,
000000008000fe70,,a4:0000000000000000,,0ff77713,3,"andi    a4, a4, 255",,
000000008000fe78,,a4:0000000080012040,,fc843703,3,"ld      a4, -56(s0)",,
000000008000fe7c,,a5:000000000000009c,,fb843783,3,"ld      a5, -72(s0)",,
000000008000fe80,,a5:00000000800120dc,,000097ba,3,"c.add   a5, a4",,
000000008000fe82,,a4:0000000080012080,,fe043703,3,"ld      a4, -32(s0)",,
000000008000fe60,,a5:0000000080012080,,fe043783,3,"ld      a5, -32(s0)",,
000000008000fe64,,a4:0000000080012081,,00178713,3,"addi    a4, a5, 1",,
000000008000fe6c,,a4:0000000000000000,,fc442703,3,"lw      a4, -60(s0)",,
000000008000fe70,,a4:0000000000000000,,0ff77713,3,"andi    a4, a4, 255",,
000000008000fe78,,a4:0000000080012040,,fc843703,3,"ld      a4, -56(s0)",,
000000008000fe7c,,a5:000000000000009c,,fb843783,3,"ld      a5, -72(s0)",,
000000008000fe80,,a5:00000000800120dc,,000097ba,3,"c.add   a5, a4",,
000000008000fe82,,a4:0000000080012081,,fe043703,3,"ld      a4, -32(s0)",,
000000008000fe60,,a5:0000000080012081,,fe043783,3,"ld      a5, -32(s0)",,
000000008000fe64,,a4:0000000080012082,,00178713,3,"addi    a4, a5, 1",,
000000008000fe6c,,a4:0000000000000000,,fc442703,3,"lw      a4, -60(s0)",,
000000008000fe70,,a4:0000000000000000,,0ff77713,3,"andi    a4, a4, 255",,
000000008000fe78,,a4:0000000080012040,,fc843703,3,"ld      a4, -56(s0)",,
000000008000fe7c,,a5:000000000000009c,,fb843783,3,"ld      a5, -72(s0)",,
000000008000fe80,,a5:00000000800120dc,,000097ba,3,"c.add   a5, a4",,
000000008000fe82,,a4:0000000080012082,,fe043703,3,"ld      a4, -32(s0)",,
000000008000fe60,,a5:0000000080012082,,fe043783,3,"ld      a5, -32(s0)",,
000000008000fe64,,a4:0000000080012083,,00178713,3,"addi    a4, a5, 1",,
000000008000fe6c,,a4:0000000000000000,,fc442703,3,"lw      a4, -60(s0)",,
000000008000fe70,,a4:0000000000000000,,0ff77713,3,"andi    a4, a4, 255",,
000000008000fe78,,a4:0000000080012040,,fc843703,3,"ld      a4, -56(s0)",,
000000008000fe7c,,a5:000000000000009c,,fb843783,3,"ld      a5, -72(s0)",,
000000008000fe80,,a5:00000000800120dc,,000097ba,3,"c.add   a5, a4",,
000000008000fe82,,a4:0000000080012083,,fe043703,3,"ld      a4, -32(s0)",,
000000008000fe60,,a5:0000000080012083,,fe043783,3,"ld      a5, -32(s0)",,
000000008000fe64,,a4:0000000080012084,,00178713,3,"addi    a4, a5, 1",,
000000008000fe6c,,a4:0000000000000000,,fc442703,3,"lw      a4, -60(s0)",,
000000008000fe70,,a4:0000000000000000,,0ff77713,3,"andi    a4, a4, 255",,
000000008000fe78,,a4:0000000080012040,,fc843703,3,"ld      a4, -56(s0)",,
000000008000fe7c,,a5:000000000000009c,,fb843783,3,"ld      a5, -72(s0)",,
000000008000fe80,,a5:00000000800120dc,,000097ba,3,"c.add   a5, a4",,
000000008000fe82,,a4:0000000080012084,,fe043703,3,"ld      a4, -32(s0)",,
000000008000fe60,,a5:0000000080012084,,fe043783,3,"ld      a5, -32(s0)",,
000000008000fe64,,a4:0000000080012085,,00178713,3,"addi    a4, a5, 1",,
000000008000fe6c,,a4:0000000000000000,,fc442703,3,"lw      a4, -60(s0)",,
000000008000fe70,,a4:0000000000000000,,0ff77713,3,"andi    a4, a4, 255",,
000000008000fe78,,a4:0000000080012040,,fc843703,3,"ld      a4, -56(s0)",,
000000008000fe7c,,a5:000000000000009c,,fb843783,3,"ld      a5, -72(s0)",,
000000008000fe80,,a5:00000000800120dc,,000097ba,3,"c.add   a5, a4",,
000000008000fe82,,a4:0000000080012085,,fe043703,3,"ld      a4, -32(s0)",,
000000008000fe60,,a5:0000000080012085,,fe043783,3,"ld      a5, -32(s0)",,
000000008000fe64,,a4:0000000080012086,,00178713,3,"addi    a4, a5, 1",,
000000008000fe6c,,a4:0000000000000000,,fc442703,3,"lw      a4, -60(s0)",,
000000008000fe70,,a4:0000000000000000,,0ff77713,3,"andi    a4, a4, 255",,
000000008000fe78,,a4:0000000080012040,,fc843703,3,"ld      a4, -56(s0)",,
000000008000fe7c,,a5:000000000000009c,,fb843783,3,"ld      a5, -72(s0)",,
000000008000fe80,,a5:00000000800120dc,,000097ba,3,"c.add   a5, a4",,
000000008000fe82,,a4:0000000080012086,,fe043703,3,"ld      a4, -32(s0)",,
000000008000fe60,,a5:0000000080012086,,fe043783,3,"ld      a5, -32(s0)",,
000000008000fe64,,a4:0000000080012087,,00178713,3,"addi    a4, a5, 1",,
000000008000fe6c,,a4:0000000000000000,,fc442703,3,"lw      a4, -60(s0)",,
000000008000fe70,,a4:0000000000000000,,0ff77713,3,"andi    a4, a4, 255",,
000000008000fe78,,a4:0000000080012040,,fc843703,3,"ld      a4, -56(s0)",,
000000008000fe7c,,a5:000000000000009c,,fb843783,3,"ld      a5, -72(s0)",,
000000008000fe80,,a5:00000000800120dc,,000097ba,3,"c.add   a5, a4",,
000000008000fe82,,a4:0000000080012087,,fe043703,3,"ld      a4, -32(s0)",,
000000008000fe60,,a5:0000000080012087,,fe043783,3,"ld      a5, -32(s0)",,
000000008000fe64,,a4:0000000080012088,,00178713,3,"addi    a4, a5, 1",,
000000008000fe6c,,a4:0000000000000000,,fc442703,3,"lw      a4, -60(s0)",,
000000008000fe70,,a4:0000000000000000,,0ff77713,3,"andi    a4, a4, 255",,
000000008000fe78,,a4:0000000080012040,,fc843703,3,"ld      a4, -56(s0)",,
000000008000fe7c,,a5:000000000000009c,,fb843783,3,"ld      a5, -72(s0)",,
000000008000fe80,,a5:00000000800120dc,,000097ba,3,"c.add   a5, a4",,
000000008000fe82,,a4:0000000080012088,,fe043703,3,"ld      a4, -32(s0)",,
000000008000fe60,,a5:0000000080012088,,fe043783,3,"ld      a5, -32(s0)",,
000000008000fe64,,a4:0000000080012089,,00178713,3,"addi    a4, a5, 1",,
000000008000fe6c,,a4:0000000000000000,,fc442703,3,"lw      a4, -60(s0)",,
000000008000fe70,,a4:0000000000000000,,0ff77713,3,"andi    a4, a4, 255",,
000000008000fe78,,a4:0000000080012040,,fc843703,3,"ld      a4, -56(s0)",,
000000008000fe7c,,a5:000000000000009c,,fb843783,3,"ld      a5, -72(s0)",,
000000008000fe80,,a5:00000000800120dc,,000097ba,3,"c.add   a5, a4",,
000000008000fe82,,a4:0000000080012089,,fe043703,3,"ld      a4, -32(s0)",,
000000008000fe60,,a5:0000000080012089,,fe043783,3,"ld      a5, -32(s0)",,
000000008000fe64,,a4:000000008001208a,,00178713,3,"addi    a4, a5, 1",,
000000008000fe6c,,a4:0000000000000000,,fc442703,3,"lw      a4, -60(s0)",,
000000008000fe70,,a4:0000000000000000,,0ff77713,3,"andi    a4, a4, 255",,
000000008000fe78,,a4:0000000080012040,,fc843703,3,"ld      a4, -56(s0)",,
000000008000fe7c,,a5:000000000000009c,,fb843783,3,"ld      a5, -72(s0)",,
000000008000fe80,,a5:00000000800120dc,,000097ba,3,"c.add   a5, a4",,
000000008000fe82,,a4:000000008001208a,,fe043703,3,"ld      a4, -32(s0)",,
000000008000fe60,,a5:000000008001208a,,fe043783,3,"ld      a5, -32(s0)",,
000000008000fe64,,a4:000000008001208b,,00178713,3,"addi    a4, a5, 1",,
000000008000fe6c,,a4:0000000000000000,,fc442703,3,"lw      a4, -60(s0)",,
000000008000fe70,,a4:0000000000000000,,0ff77713,3,"andi    a4, a4, 255",,
000000008000fe78,,a4:0000000080012040,,fc843703,3,"ld      a4, -56(s0)",,
000000008000fe7c,,a5:000000000000009c,,fb843783,3,"ld      a5, -72(s0)",,
000000008000fe80,,a5:00000000800120dc,,000097ba,3,"c.add   a5, a4",,
000000008000fe82,,a4:000000008001208b,,fe043703,3,"ld      a4, -32(s0)",,
000000008000fe60,,a5:000000008001208b,,fe043783,3,"ld      a5, -32(s0)",,
000000008000fe64,,a4:000000008001208c,,00178713,3,"addi    a4, a5, 1",,
000000008000fe6c,,a4:0000000000000000,,fc442703,3,"lw      a4, -60(s0)",,
000000008000fe70,,a4:0000000000000000,,0ff77713,3,"andi    a4, a4, 255",,
000000008000fe78,,a4:0000000080012040,,fc843703,3,"ld      a4, -56(s0)",,
000000008000fe7c,,a5:000000000000009c,,fb843783,3,"ld      a5, -72(s0)",,
000000008000fe80,,a5:00000000800120dc,,000097ba,3,"c.add   a5, a4",,
000000008000fe82,,a4:000000008001208c,,fe043703,3,"ld      a4, -32(s0)",,
000000008000fe60,,a5:000000008001208c,,fe043783,3,"ld      a5, -32(s0)",,
000000008000fe64,,a4:000000008001208d,,00178713,3,"addi    a4, a5, 1",,
000000008000fe6c,,a4:0000000000000000,,fc442703,3,"lw      a4, -60(s0)",,
000000008000fe70,,a4:0000000000000000,,0ff77713,3,"andi    a4, a4, 255",,
000000008000fe78,,a4:0000000080012040,,fc843703,3,"ld      a4, -56(s0)",,
000000008000fe7c,,a5:000000000000009c,,fb843783,3,"ld      a5, -72(s0)",,
000000008000fe80,,a5:00000000800120dc,,000097ba,3,"c.add   a5, a4",,
000000008000fe82,,a4:000000008001208d,,fe043703,3,"ld      a4, -32(s0)",,
000000008000fe60,,a5:000000008001208d,,fe043783,3,"ld      a5, -32(s0)",,
000000008000fe64,,a4:000000008001208e,,00178713,3,"addi    a4, a5, 1",,
000000008000fe6c,,a4:0000000000000000,,fc442703,3,"lw      a4, -60(s0)",,
000000008000fe70,,a4:0000000000000000,,0ff77713,3,"andi    a4, a4, 255",,
000000008000fe78,,a4:0000000080012040,,fc843703,3,"ld      a4, -56(s0)",,
000000008000fe7c,,a5:000000000000009c,,fb843783,3,"ld      a5, -72(s0)",,
000000008000fe80,,a5:00000000800120dc,,000097ba,3,"c.add   a5, a4",,
000000008000fe82,,a4:000000008001208e,,fe043703,3,"ld      a4, -32(s0)",,
000000008000fe60,,a5:000000008001208e,,fe043783,3,"ld      a5, -32(s0)",,
000000008000fe64,,a4:000000008001208f,,00178713,3,"addi    a4, a5, 1",,
000000008000fe6c,,a4:0000000000000000,,fc442703,3,"lw      a4, -60(s0)",,
000000008000fe70,,a4:0000000000000000,,0ff77713,3,"andi    a4, a4, 255",,
000000008000fe78,,a4:0000000080012040,,fc843703,3,"ld      a4, -56(s0)",,
000000008000fe7c,,a5:000000000000009c,,fb843783,3,"ld      a5, -72(s0)",,
000000008000fe80,,a5:00000000800120dc,,000097ba,3,"c.add   a5, a4",,
000000008000fe82,,a4:000000008001208f,,fe043703,3,"ld      a4, -32(s0)",,
000000008000fe60,,a5:000000008001208f,,fe043783,3,"ld      a5, -32(s0)",,
000000008000fe64,,a4:0000000080012090,,00178713,3,"addi    a4, a5, 1",,
000000008000fe6c,,a4:0000000000000000,,fc442703,3,"lw      a4, -60(s0)",,
000000008000fe70,,a4:0000000000000000,,0ff77713,3,"andi    a4, a4, 255",,
000000008000fe78,,a4:0000000080012040,,fc843703,3,"ld      a4, -56(s0)",,
000000008000fe7c,,a5:000000000000009c,,fb843783,3,"ld      a5, -72(s0)",,
000000008000fe80,,a5:00000000800120dc,,000097ba,3,"c.add   a5, a4",,
000000008000fe82,,a4:0000000080012090,,fe043703,3,"ld      a4, -32(s0)",,
000000008000fe60,,a5:0000000080012090,,fe043783,3,"ld      a5, -32(s0)",,
000000008000fe64,,a4:0000000080012091,,00178713,3,"addi    a4, a5, 1",,
000000008000fe6c,,a4:0000000000000000,,fc442703,3,"lw      a4, -60(s0)",,
000000008000fe70,,a4:0000000000000000,,0ff77713,3,"andi    a4, a4, 255",,
000000008000fe78,,a4:0000000080012040,,fc843703,3,"ld      a4, -56(s0)",,
000000008000fe7c,,a5:000000000000009c,,fb843783,3,"ld      a5, -72(s0)",,
000000008000fe80,,a5:00000000800120dc,,000097ba,3,"c.add   a5, a4",,
000000008000fe82,,a4:0000000080012091,,fe043703,3,"ld      a4, -32(s0)",,
000000008000fe60,,a5:0000000080012091,,fe043783,3,"ld      a5, -32(s0)",,
000000008000fe64,,a4:0000000080012092,,00178713,3,"addi    a4, a5, 1",,
000000008000fe6c,,a4:0000000000000000,,fc442703,3,"lw      a4, -60(s0)",,
000000008000fe70,,a4:0000000000000000,,0ff77713,3,"andi    a4, a4, 255",,
000000008000fe78,,a4:0000000080012040,,fc843703,3,"ld      a4, -56(s0)",,
000000008000fe7c,,a5:000000000000009c,,fb843783,3,"ld      a5, -72(s0)",,
000000008000fe80,,a5:00000000800120dc,,000097ba,3,"c.add   a5, a4",,
000000008000fe82,,a4:0000000080012092,,fe043703,3,"ld      a4, -32(s0)",,
000000008000fe60,,a5:0000000080012092,,fe043783,3,"ld      a5, -32(s0)",,
000000008000fe64,,a4:0000000080012093,,00178713,3,"addi    a4, a5, 1",,
000000008000fe6c,,a4:0000000000000000,,fc442703,3,"lw      a4, -60(s0)",,
000000008000fe70,,a4:0000000000000000,,0ff77713,3,"andi    a4, a4, 255",,
000000008000fe78,,a4:0000000080012040,,fc843703,3,"ld      a4, -56(s0)",,
000000008000fe7c,,a5:000000000000009c,,fb843783,3,"ld      a5, -72(s0)",,
000000008000fe80,,a5:00000000800120dc,,000097ba,3,"c.add   a5, a4",,
000000008000fe82,,a4:0000000080012093,,fe043703,3,"ld      a4, -32(s0)",,
000000008000fe60,,a5:0000000080012093,,fe043783,3,"ld      a5, -32(s0)",,
000000008000fe64,,a4:0000000080012094,,00178713,3,"addi    a4, a5, 1",,
000000008000fe6c,,a4:0000000000000000,,fc442703,3,"lw      a4, -60(s0)",,
000000008000fe70,,a4:0000000000000000,,0ff77713,3,"andi    a4, a4, 255",,
000000008000fe78,,a4:0000000080012040,,fc843703,3,"ld      a4, -56(s0)",,
000000008000fe7c,,a5:000000000000009c,,fb843783,3,"ld      a5, -72(s0)",,
000000008000fe80,,a5:00000000800120dc,,000097ba,3,"c.add   a5, a4",,
000000008000fe82,,a4:0000000080012094,,fe043703,3,"ld      a4, -32(s0)",,
000000008000fe60,,a5:0000000080012094,,fe043783,3,"ld      a5, -32(s0)",,
000000008000fe64,,a4:0000000080012095,,00178713,3,"addi    a4, a5, 1",,
000000008000fe6c,,a4:0000000000000000,,fc442703,3,"lw      a4, -60(s0)",,
000000008000fe70,,a4:0000000000000000,,0ff77713,3,"andi    a4, a4, 255",,
000000008000fe78,,a4:0000000080012040,,fc843703,3,"ld      a4, -56(s0)",,
000000008000fe7c,,a5:000000000000009c,,fb843783,3,"ld      a5, -72(s0)",,
000000008000fe80,,a5:00000000800120dc,,000097ba,3,"c.add   a5, a4",,
000000008000fe82,,a4:0000000080012095,,fe043703,3,"ld      a4, -32(s0)",,
000000008000fe60,,a5:0000000080012095,,fe043783,3,"ld      a5, -32(s0)",,
000000008000fe64,,a4:0000000080012096,,00178713,3,"addi    a4, a5, 1",,
000000008000fe6c,,a4:0000000000000000,,fc442703,3,"lw      a4, -60(s0)",,
000000008000fe70,,a4:0000000000000000,,0ff77713,3,"andi    a4, a4, 255",,
000000008000fe78,,a4:0000000080012040,,fc843703,3,"ld      a4, -56(s0)",,
000000008000fe7c,,a5:000000000000009c,,fb843783,3,"ld      a5, -72(s0)",,
000000008000fe80,,a5:00000000800120dc,,000097ba,3,"c.add   a5, a4",,
000000008000fe82,,a4:0000000080012096,,fe043703,3,"ld      a4, -32(s0)",,
000000008000fe60,,a5:0000000080012096,,fe043783,3,"ld      a5, -32(s0)",,
000000008000fe64,,a4:0000000080012097,,00178713,3,"addi    a4, a5, 1",,
000000008000fe6c,,a4:0000000000000000,,fc442703,3,"lw      a4, -60(s0)",,
000000008000fe70,,a4:0000000000000000,,0ff77713,3,"andi    a4, a4, 255",,
000000008000fe78,,a4:0000000080012040,,fc843703,3,"ld      a4, -56(s0)",,
000000008000fe7c,,a5:000000000000009c,,fb843783,3,"ld      a5, -72(s0)",,
000000008000fe80,,a5:00000000800120dc,,000097ba,3,"c.add   a5, a4",,
000000008000fe82,,a4:0000000080012097,,fe043703,3,"ld      a4, -32(s0)",,
000000008000fe60,,a5:0000000080012097,,fe043783,3,"ld      a5, -32(s0)",,
000000008000fe64,,a4:0000000080012098,,00178713,3,"addi    a4, a5, 1",,
000000008000fe6c,,a4:0000000000000000,,fc442703,3,"lw      a4, -60(s0)",,
000000008000fe70,,a4:0000000000000000,,0ff77713,3,"andi    a4, a4, 255",,
000000008000fe78,,a4:0000000080012040,,fc843703,3,"ld      a4, -56(s0)",,
000000008000fe7c,,a5:000000000000009c,,fb843783,3,"ld      a5, -72(s0)",,
000000008000fe80,,a5:00000000800120dc,,000097ba,3,"c.add   a5, a4",,
000000008000fe82,,a4:0000000080012098,,fe043703,3,"ld      a4, -32(s0)",,
000000008000fe60,,a5:0000000080012098,,fe043783,3,"ld      a5, -32(s0)",,
000000008000fe64,,a4:0000000080012099,,00178713,3,"addi    a4, a5, 1",,
000000008000fe6c,,a4:0000000000000000,,fc442703,3,"lw      a4, -60(s0)",,
000000008000fe70,,a4:0000000000000000,,0ff77713,3,"andi    a4, a4, 255",,
000000008000fe78,,a4:0000000080012040,,fc843703,3,"ld      a4, -56(s0)",,
000000008000fe7c,,a5:000000000000009c,,fb843783,3,"ld      a5, -72(s0)",,
000000008000fe80,,a5:00000000800120dc,,000097ba,3,"c.add   a5, a4",,
000000008000fe82,,a4:0000000080012099,,fe043703,3,"ld      a4, -32(s0)",,
000000008000fe60,,a5:0000000080012099,,fe043783,3,"ld      a5, -32(s0)",,
000000008000fe64,,a4:000000008001209a,,00178713,3,"addi    a4, a5, 1",,
000000008000fe6c,,a4:0000000000000000,,fc442703,3,"lw      a4, -60(s0)",,
000000008000fe70,,a4:0000000000000000,,0ff77713,3,"andi    a4, a4, 255",,
000000008000fe78,,a4:0000000080012040,,fc843703,3,"ld      a4, -56(s0)",,
000000008000fe7c,,a5:000000000000009c,,fb843783,3,"ld      a5, -72(s0)",,
000000008000fe80,,a5:00000000800120dc,,000097ba,3,"c.add   a5, a4",,
000000008000fe82,,a4:000000008001209a,,fe043703,3,"ld      a4, -32(s0)",,
000000008000fe60,,a5:000000008001209a,,fe043783,3,"ld      a5, -32(s0)",,
000000008000fe64,,a4:000000008001209b,,00178713,3,"addi    a4, a5, 1",,
000000008000fe6c,,a4:0000000000000000,,fc442703,3,"lw      a4, -60(s0)",,
000000008000fe70,,a4:0000000000000000,,0ff77713,3,"andi    a4, a4, 255",,
000000008000fe78,,a4:0000000080012040,,fc843703,3,"ld      a4, -56(s0)",,
000000008000fe7c,,a5:000000000000009c,,fb843783,3,"ld      a5, -72(s0)",,
000000008000fe80,,a5:00000000800120dc,,000097ba,3,"c.add   a5, a4",,
000000008000fe82,,a4:000000008001209b,,fe043703,3,"ld      a4, -32(s0)",,
000000008000fe60,,a5:000000008001209b,,fe043783,3,"ld      a5, -32(s0)",,
000000008000fe64,,a4:000000008001209c,,00178713,3,"addi    a4, a5, 1",,
000000008000fe6c,,a4:0000000000000000,,fc442703,3,"lw      a4, -60(s0)",,
000000008000fe70,,a4:0000000000000000,,0ff77713,3,"andi    a4, a4, 255",,
000000008000fe78,,a4:0000000080012040,,fc843703,3,"ld      a4, -56(s0)",,
000000008000fe7c,,a5:000000000000009c,,fb843783,3,"ld      a5, -72(s0)",,
000000008000fe80,,a5:00000000800120dc,,000097ba,3,"c.add   a5, a4",,
000000008000fe82,,a4:000000008001209c,,fe043703,3,"ld      a4, -32(s0)",,
000000008000fe60,,a5:000000008001209c,,fe043783,3,"ld      a5, -32(s0)",,
000000008000fe64,,a4:000000008001209d,,00178713,3,"addi    a4, a5, 1",,
000000008000fe6c,,a4:0000000000000000,,fc442703,3,"lw      a4, -60(s0)",,
000000008000fe70,,a4:0000000000000000,,0ff77713,3,"andi    a4, a4, 255",,
000000008000fe78,,a4:0000000080012040,,fc843703,3,"ld      a4, -56(s0)",,
000000008000fe7c,,a5:000000000000009c,,fb843783,3,"ld      a5, -72(s0)",,
000000008000fe80,,a5:00000000800120dc,,000097ba,3,"c.add   a5, a4",,
000000008000fe82,,a4:000000008001209d,,fe043703,3,"ld      a4, -32(s0)",,
000000008000fe60,,a5:000000008001209d,,fe043783,3,"ld      a5, -32(s0)",,
000000008000fe64,,a4:000000008001209e,,00178713,3,"addi    a4, a5, 1",,
000000008000fe6c,,a4:0000000000000000,,fc442703,3,"lw      a4, -60(s0)",,
000000008000fe70,,a4:0000000000000000,,0ff77713,3,"andi    a4, a4, 255",,
000000008000fe78,,a4:0000000080012040,,fc843703,3,"ld      a4, -56(s0)",,
000000008000fe7c,,a5:000000000000009c,,fb843783,3,"ld      a5, -72(s0)",,
000000008000fe80,,a5:00000000800120dc,,000097ba,3,"c.add   a5, a4",,
000000008000fe82,,a4:000000008001209e,,fe043703,3,"ld      a4, -32(s0)",,
000000008000fe60,,a5:000000008001209e,,fe043783,3,"ld      a5, -32(s0)",,
000000008000fe64,,a4:000000008001209f,,00178713,3,"addi    a4, a5, 1",,
000000008000fe6c,,a4:0000000000000000,,fc442703,3,"lw      a4, -60(s0)",,
000000008000fe70,,a4:0000000000000000,,0ff77713,3,"andi    a4, a4, 255",,
000000008000fe78,,a4:0000000080012040,,fc843703,3,"ld      a4, -56(s0)",,
000000008000fe7c,,a5:000000000000009c,,fb843783,3,"ld      a5, -72(s0)",,
000000008000fe80,,a5:00000000800120dc,,000097ba,3,"c.add   a5, a4",,
000000008000fe82,,a4:000000008001209f,,fe043703,3,"ld      a4, -32(s0)",,
000000008000fe60,,a5:000000008001209f,,fe043783,3,"ld      a5, -32(s0)",,
000000008000fe64,,a4:00000000800120a0,,00178713,3,"addi    a4, a5, 1",,
000000008000fe6c,,a4:0000000000000000,,fc442703,3,"lw      a4, -60(s0)",,
000000008000fe70,,a4:0000000000000000,,0ff77713,3,"andi    a4, a4, 255",,
000000008000fe78,,a4:0000000080012040,,fc843703,3,"ld      a4, -56(s0)",,
000000008000fe7c,,a5:000000000000009c,,fb843783,3,"ld      a5, -72(s0)",,
000000008000fe80,,a5:00000000800120dc,,000097ba,3,"c.add   a5, a4",,
000000008000fe82,,a4:00000000800120a0,,fe043703,3,"ld      a4, -32(s0)",,
000000008000fe60,,a5:00000000800120a0,,fe043783,3,"ld      a5, -32(s0)",,
000000008000fe64,,a4:00000000800120a1,,00178713,3,"addi    a4, a5, 1",,
000000008000fe6c,,a4:0000000000000000,,fc442703,3,"lw      a4, -60(s0)",,
000000008000fe70,,a4:0000000000000000,,0ff77713,3,"andi    a4, a4, 255",,
000000008000fe78,,a4:0000000080012040,,fc843703,3,"ld      a4, -56(s0)",,
000000008000fe7c,,a5:000000000000009c,,fb843783,3,"ld      a5, -72(s0)",,
000000008000fe80,,a5:00000000800120dc,,000097ba,3,"c.add   a5, a4",,
000000008000fe82,,a4:00000000800120a1,,fe043703,3,"ld      a4, -32(s0)",,
000000008000fe60,,a5:00000000800120a1,,fe043783,3,"ld      a5, -32(s0)",,
000000008000fe64,,a4:00000000800120a2,,00178713,3,"addi    a4, a5, 1",,
000000008000fe6c,,a4:0000000000000000,,fc442703,3,"lw      a4, -60(s0)",,
000000008000fe70,,a4:0000000000000000,,0ff77713,3,"andi    a4, a4, 255",,
000000008000fe78,,a4:0000000080012040,,fc843703,3,"ld      a4, -56(s0)",,
000000008000fe7c,,a5:000000000000009c,,fb843783,3,"ld      a5, -72(s0)",,
000000008000fe80,,a5:00000000800120dc,,000097ba,3,"c.add   a5, a4",,
000000008000fe82,,a4:00000000800120a2,,fe043703,3,"ld      a4, -32(s0)",,
000000008000fe60,,a5:00000000800120a2,,fe043783,3,"ld      a5, -32(s0)",,
000000008000fe64,,a4:00000000800120a3,,00178713,3,"addi    a4, a5, 1",,
000000008000fe6c,,a4:0000000000000000,,fc442703,3,"lw      a4, -60(s0)",,
000000008000fe70,,a4:0000000000000000,,0ff77713,3,"andi    a4, a4, 255",,
000000008000fe78,,a4:0000000080012040,,fc843703,3,"ld      a4, -56(s0)",,
000000008000fe7c,,a5:000000000000009c,,fb843783,3,"ld      a5, -72(s0)",,
000000008000fe80,,a5:00000000800120dc,,000097ba,3,"c.add   a5, a4",,
000000008000fe82,,a4:00000000800120a3,,fe043703,3,"ld      a4, -32(s0)",,
000000008000fe60,,a5:00000000800120a3,,fe043783,3,"ld      a5, -32(s0)",,
000000008000fe64,,a4:00000000800120a4,,00178713,3,"addi    a4, a5, 1",,
000000008000fe6c,,a4:0000000000000000,,fc442703,3,"lw      a4, -60(s0)",,
000000008000fe70,,a4:0000000000000000,,0ff77713,3,"andi    a4, a4, 255",,
000000008000fe78,,a4:0000000080012040,,fc843703,3,"ld      a4, -56(s0)",,
000000008000fe7c,,a5:000000000000009c,,fb843783,3,"ld      a5, -72(s0)",,
000000008000fe80,,a5:00000000800120dc,,000097ba,3,"c.add   a5, a4",,
000000008000fe82,,a4:00000000800120a4,,fe043703,3,"ld      a4, -32(s0)",,
000000008000fe60,,a5:00000000800120a4,,fe043783,3,"ld      a5, -32(s0)",,
000000008000fe64,,a4:00000000800120a5,,00178713,3,"addi    a4, a5, 1",,
000000008000fe6c,,a4:0000000000000000,,fc442703,3,"lw      a4, -60(s0)",,
000000008000fe70,,a4:0000000000000000,,0ff77713,3,"andi    a4, a4, 255",,
000000008000fe78,,a4:0000000080012040,,fc843703,3,"ld      a4, -56(s0)",,
000000008000fe7c,,a5:000000000000009c,,fb843783,3,"ld      a5, -72(s0)",,
000000008000fe80,,a5:00000000800120dc,,000097ba,3,"c.add   a5, a4",,
000000008000fe82,,a4:00000000800120a5,,fe043703,3,"ld      a4, -32(s0)",,
000000008000fe60,,a5:00000000800120a5,,fe043783,3,"ld      a5, -32(s0)",,
000000008000fe64,,a4:00000000800120a6,,00178713,3,"addi    a4, a5, 1",,
000000008000fe6c,,a4:0000000000000000,,fc442703,3,"lw      a4, -60(s0)",,
000000008000fe70,,a4:0000000000000000,,0ff77713,3,"andi    a4, a4, 255",,
000000008000fe78,,a4:0000000080012040,,fc843703,3,"ld      a4, -56(s0)",,
000000008000fe7c,,a5:000000000000009c,,fb843783,3,"ld      a5, -72(s0)",,
000000008000fe80,,a5:00000000800120dc,,000097ba,3,"c.add   a5, a4",,
000000008000fe82,,a4:00000000800120a6,,fe043703,3,"ld      a4, -32(s0)",,
000000008000fe60,,a5:00000000800120a6,,fe043783,3,"ld      a5, -32(s0)",,
000000008000fe64,,a4:00000000800120a7,,00178713,3,"addi    a4, a5, 1",,
000000008000fe6c,,a4:0000000000000000,,fc442703,3,"lw      a4, -60(s0)",,
000000008000fe70,,a4:0000000000000000,,0ff77713,3,"andi    a4, a4, 255",,
000000008000fe78,,a4:0000000080012040,,fc843703,3,"ld      a4, -56(s0)",,
000000008000fe7c,,a5:000000000000009c,,fb843783,3,"ld      a5, -72(s0)",,
000000008000fe80,,a5:00000000800120dc,,000097ba,3,"c.add   a5, a4",,
000000008000fe82,,a4:00000000800120a7,,fe043703,3,"ld      a4, -32(s0)",,
000000008000fe60,,a5:00000000800120a7,,fe043783,3,"ld      a5, -32(s0)",,
000000008000fe64,,a4:00000000800120a8,,00178713,3,"addi    a4, a5, 1",,
000000008000fe6c,,a4:0000000000000000,,fc442703,3,"lw      a4, -60(s0)",,
000000008000fe70,,a4:0000000000000000,,0ff77713,3,"andi    a4, a4, 255",,
000000008000fe78,,a4:0000000080012040,,fc843703,3,"ld      a4, -56(s0)",,
000000008000fe7c,,a5:000000000000009c,,fb843783,3,"ld      a5, -72(s0)",,
000000008000fe80,,a5:00000000800120dc,,000097ba,3,"c.add   a5, a4",,
000000008000fe82,,a4:00000000800120a8,,fe043703,3,"ld      a4, -32(s0)",,
000000008000fe60,,a5:00000000800120a8,,fe043783,3,"ld      a5, -32(s0)",,
000000008000fe64,,a4:00000000800120a9,,00178713,3,"addi    a4, a5, 1",,
000000008000fe6c,,a4:0000000000000000,,fc442703,3,"lw      a4, -60(s0)",,
000000008000fe70,,a4:0000000000000000,,0ff77713,3,"andi    a4, a4, 255",,
000000008000fe78,,a4:0000000080012040,,fc843703,3,"ld      a4, -56(s0)",,
000000008000fe7c,,a5:000000000000009c,,fb843783,3,"ld      a5, -72(s0)",,
000000008000fe80,,a5:00000000800120dc,,000097ba,3,"c.add   a5, a4",,
000000008000fe82,,a4:00000000800120a9,,fe043703,3,"ld      a4, -32(s0)",,
000000008000fe60,,a5:00000000800120a9,,fe043783,3,"ld      a5, -32(s0)",,
000000008000fe64,,a4:00000000800120aa,,00178713,3,"addi    a4, a5, 1",,
000000008000fe6c,,a4:0000000000000000,,fc442703,3,"lw      a4, -60(s0)",,
000000008000fe70,,a4:0000000000000000,,0ff77713,3,"andi    a4, a4, 255",,
000000008000fe78,,a4:0000000080012040,,fc843703,3,"ld      a4, -56(s0)",,
000000008000fe7c,,a5:000000000000009c,,fb843783,3,"ld      a5, -72(s0)",,
000000008000fe80,,a5:00000000800120dc,,000097ba,3,"c.add   a5, a4",,
000000008000fe82,,a4:00000000800120aa,,fe043703,3,"ld      a4, -32(s0)",,
000000008000fe60,,a5:00000000800120aa,,fe043783,3,"ld      a5, -32(s0)",,
000000008000fe64,,a4:00000000800120ab,,00178713,3,"addi    a4, a5, 1",,
000000008000fe6c,,a4:0000000000000000,,fc442703,3,"lw      a4, -60(s0)",,
000000008000fe70,,a4:0000000000000000,,0ff77713,3,"andi    a4, a4, 255",,
000000008000fe78,,a4:0000000080012040,,fc843703,3,"ld      a4, -56(s0)",,
000000008000fe7c,,a5:000000000000009c,,fb843783,3,"ld      a5, -72(s0)",,
000000008000fe80,,a5:00000000800120dc,,000097ba,3,"c.add   a5, a4",,
000000008000fe82,,a4:00000000800120ab,,fe043703,3,"ld      a4, -32(s0)",,
000000008000fe60,,a5:00000000800120ab,,fe043783,3,"ld      a5, -32(s0)",,
000000008000fe64,,a4:00000000800120ac,,00178713,3,"addi    a4, a5, 1",,
000000008000fe6c,,a4:0000000000000000,,fc442703,3,"lw      a4, -60(s0)",,
000000008000fe70,,a4:0000000000000000,,0ff77713,3,"andi    a4, a4, 255",,
000000008000fe78,,a4:0000000080012040,,fc843703,3,"ld      a4, -56(s0)",,
000000008000fe7c,,a5:000000000000009c,,fb843783,3,"ld      a5, -72(s0)",,
000000008000fe80,,a5:00000000800120dc,,000097ba,3,"c.add   a5, a4",,
000000008000fe82,,a4:00000000800120ac,,fe043703,3,"ld      a4, -32(s0)",,
000000008000fe60,,a5:00000000800120ac,,fe043783,3,"ld      a5, -32(s0)",,
000000008000fe64,,a4:00000000800120ad,,00178713,3,"addi    a4, a5, 1",,
000000008000fe6c,,a4:0000000000000000,,fc442703,3,"lw      a4, -60(s0)",,
000000008000fe70,,a4:0000000000000000,,0ff77713,3,"andi    a4, a4, 255",,
000000008000fe78,,a4:0000000080012040,,fc843703,3,"ld      a4, -56(s0)",,
000000008000fe7c,,a5:000000000000009c,,fb843783,3,"ld      a5, -72(s0)",,
000000008000fe80,,a5:00000000800120dc,,000097ba,3,"c.add   a5, a4",,
000000008000fe82,,a4:00000000800120ad,,fe043703,3,"ld      a4, -32(s0)",,
000000008000fe60,,a5:00000000800120ad,,fe043783,3,"ld      a5, -32(s0)",,
000000008000fe64,,a4:00000000800120ae,,00178713,3,"addi    a4, a5, 1",,
000000008000fe6c,,a4:0000000000000000,,fc442703,3,"lw      a4, -60(s0)",,
000000008000fe70,,a4:0000000000000000,,0ff77713,3,"andi    a4, a4, 255",,
000000008000fe78,,a4:0000000080012040,,fc843703,3,"ld      a4, -56(s0)",,
000000008000fe7c,,a5:000000000000009c,,fb843783,3,"ld      a5, -72(s0)",,
000000008000fe80,,a5:00000000800120dc,,000097ba,3,"c.add   a5, a4",,
000000008000fe82,,a4:00000000800120ae,,fe043703,3,"ld      a4, -32(s0)",,
000000008000fe60,,a5:00000000800120ae,,fe043783,3,"ld      a5, -32(s0)",,
000000008000fe64,,a4:00000000800120af,,00178713,3,"addi    a4, a5, 1",,
000000008000fe6c,,a4:0000000000000000,,fc442703,3,"lw      a4, -60(s0)",,
000000008000fe70,,a4:0000000000000000,,0ff77713,3,"andi    a4, a4, 255",,
000000008000fe78,,a4:0000000080012040,,fc843703,3,"ld      a4, -56(s0)",,
000000008000fe7c,,a5:000000000000009c,,fb843783,3,"ld      a5, -72(s0)",,
000000008000fe80,,a5:00000000800120dc,,000097ba,3,"c.add   a5, a4",,
000000008000fe82,,a4:00000000800120af,,fe043703,3,"ld      a4, -32(s0)",,
000000008000fe60,,a5:00000000800120af,,fe043783,3,"ld      a5, -32(s0)",,
000000008000fe64,,a4:00000000800120b0,,00178713,3,"addi    a4, a5, 1",,
000000008000fe6c,,a4:0000000000000000,,fc442703,3,"lw      a4, -60(s0)",,
000000008000fe70,,a4:0000000000000000,,0ff77713,3,"andi    a4, a4, 255",,
000000008000fe78,,a4:0000000080012040,,fc843703,3,"ld      a4, -56(s0)",,
000000008000fe7c,,a5:000000000000009c,,fb843783,3,"ld      a5, -72(s0)",,
000000008000fe80,,a5:00000000800120dc,,000097ba,3,"c.add   a5, a4",,
000000008000fe82,,a4:00000000800120b0,,fe043703,3,"ld      a4, -32(s0)",,
000000008000fe60,,a5:00000000800120b0,,fe043783,3,"ld      a5, -32(s0)",,
000000008000fe64,,a4:00000000800120b1,,00178713,3,"addi    a4, a5, 1",,
000000008000fe6c,,a4:0000000000000000,,fc442703,3,"lw      a4, -60(s0)",,
000000008000fe70,,a4:0000000000000000,,0ff77713,3,"andi    a4, a4, 255",,
000000008000fe78,,a4:0000000080012040,,fc843703,3,"ld      a4, -56(s0)",,
000000008000fe7c,,a5:000000000000009c,,fb843783,3,"ld      a5, -72(s0)",,
000000008000fe80,,a5:00000000800120dc,,000097ba,3,"c.add   a5, a4",,
000000008000fe82,,a4:00000000800120b1,,fe043703,3,"ld      a4, -32(s0)",,
000000008000fe60,,a5:00000000800120b1,,fe043783,3,"ld      a5, -32(s0)",,
000000008000fe64,,a4:00000000800120b2,,00178713,3,"addi    a4, a5, 1",,
000000008000fe6c,,a4:0000000000000000,,fc442703,3,"lw      a4, -60(s0)",,
000000008000fe70,,a4:0000000000000000,,0ff77713,3,"andi    a4, a4, 255",,
000000008000fe78,,a4:0000000080012040,,fc843703,3,"ld      a4, -56(s0)",,
000000008000fe7c,,a5:000000000000009c,,fb843783,3,"ld      a5, -72(s0)",,
000000008000fe80,,a5:00000000800120dc,,000097ba,3,"c.add   a5, a4",,
000000008000fe82,,a4:00000000800120b2,,fe043703,3,"ld      a4, -32(s0)",,
000000008000fe60,,a5:00000000800120b2,,fe043783,3,"ld      a5, -32(s0)",,
000000008000fe64,,a4:00000000800120b3,,00178713,3,"addi    a4, a5, 1",,
000000008000fe6c,,a4:0000000000000000,,fc442703,3,"lw      a4, -60(s0)",,
000000008000fe70,,a4:0000000000000000,,0ff77713,3,"andi    a4, a4, 255",,
000000008000fe78,,a4:0000000080012040,,fc843703,3,"ld      a4, -56(s0)",,
000000008000fe7c,,a5:000000000000009c,,fb843783,3,"ld      a5, -72(s0)",,
000000008000fe80,,a5:00000000800120dc,,000097ba,3,"c.add   a5, a4",,
000000008000fe82,,a4:00000000800120b3,,fe043703,3,"ld      a4, -32(s0)",,
000000008000fe60,,a5:00000000800120b3,,fe043783,3,"ld      a5, -32(s0)",,
000000008000fe64,,a4:00000000800120b4,,00178713,3,"addi    a4, a5, 1",,
000000008000fe6c,,a4:0000000000000000,,fc442703,3,"lw      a4, -60(s0)",,
000000008000fe70,,a4:0000000000000000,,0ff77713,3,"andi    a4, a4, 255",,
000000008000fe78,,a4:0000000080012040,,fc843703,3,"ld      a4, -56(s0)",,
000000008000fe7c,,a5:000000000000009c,,fb843783,3,"ld      a5, -72(s0)",,
000000008000fe80,,a5:00000000800120dc,,000097ba,3,"c.add   a5, a4",,
000000008000fe82,,a4:00000000800120b4,,fe043703,3,"ld      a4, -32(s0)",,
000000008000fe60,,a5:00000000800120b4,,fe043783,3,"ld      a5, -32(s0)",,
000000008000fe64,,a4:00000000800120b5,,00178713,3,"addi    a4, a5, 1",,
000000008000fe6c,,a4:0000000000000000,,fc442703,3,"lw      a4, -60(s0)",,
000000008000fe70,,a4:0000000000000000,,0ff77713,3,"andi    a4, a4, 255",,
000000008000fe78,,a4:0000000080012040,,fc843703,3,"ld      a4, -56(s0)",,
000000008000fe7c,,a5:000000000000009c,,fb843783,3,"ld      a5, -72(s0)",,
000000008000fe80,,a5:00000000800120dc,,000097ba,3,"c.add   a5, a4",,
000000008000fe82,,a4:00000000800120b5,,fe043703,3,"ld      a4, -32(s0)",,
000000008000fe60,,a5:00000000800120b5,,fe043783,3,"ld      a5, -32(s0)",,
000000008000fe64,,a4:00000000800120b6,,00178713,3,"addi    a4, a5, 1",,
000000008000fe6c,,a4:0000000000000000,,fc442703,3,"lw      a4, -60(s0)",,
000000008000fe70,,a4:0000000000000000,,0ff77713,3,"andi    a4, a4, 255",,
000000008000fe78,,a4:0000000080012040,,fc843703,3,"ld      a4, -56(s0)",,
000000008000fe7c,,a5:000000000000009c,,fb843783,3,"ld      a5, -72(s0)",,
000000008000fe80,,a5:00000000800120dc,,000097ba,3,"c.add   a5, a4",,
000000008000fe82,,a4:00000000800120b6,,fe043703,3,"ld      a4, -32(s0)",,
000000008000fe60,,a5:00000000800120b6,,fe043783,3,"ld      a5, -32(s0)",,
000000008000fe64,,a4:00000000800120b7,,00178713,3,"addi    a4, a5, 1",,
000000008000fe6c,,a4:0000000000000000,,fc442703,3,"lw      a4, -60(s0)",,
000000008000fe70,,a4:0000000000000000,,0ff77713,3,"andi    a4, a4, 255",,
000000008000fe78,,a4:0000000080012040,,fc843703,3,"ld      a4, -56(s0)",,
000000008000fe7c,,a5:000000000000009c,,fb843783,3,"ld      a5, -72(s0)",,
000000008000fe80,,a5:00000000800120dc,,000097ba,3,"c.add   a5, a4",,
000000008000fe82,,a4:00000000800120b7,,fe043703,3,"ld      a4, -32(s0)",,
000000008000fe60,,a5:00000000800120b7,,fe043783,3,"ld      a5, -32(s0)",,
000000008000fe64,,a4:00000000800120b8,,00178713,3,"addi    a4, a5, 1",,
000000008000fe6c,,a4:0000000000000000,,fc442703,3,"lw      a4, -60(s0)",,
000000008000fe70,,a4:0000000000000000,,0ff77713,3,"andi    a4, a4, 255",,
000000008000fe78,,a4:0000000080012040,,fc843703,3,"ld      a4, -56(s0)",,
000000008000fe7c,,a5:000000000000009c,,fb843783,3,"ld      a5, -72(s0)",,
000000008000fe80,,a5:00000000800120dc,,000097ba,3,"c.add   a5, a4",,
000000008000fe82,,a4:00000000800120b8,,fe043703,3,"ld      a4, -32(s0)",,
000000008000fe60,,a5:00000000800120b8,,fe043783,3,"ld      a5, -32(s0)",,
000000008000fe64,,a4:00000000800120b9,,00178713,3,"addi    a4, a5, 1",,
000000008000fe6c,,a4:0000000000000000,,fc442703,3,"lw      a4, -60(s0)",,
000000008000fe70,,a4:0000000000000000,,0ff77713,3,"andi    a4, a4, 255",,
000000008000fe78,,a4:0000000080012040,,fc843703,3,"ld      a4, -56(s0)",,
000000008000fe7c,,a5:000000000000009c,,fb843783,3,"ld      a5, -72(s0)",,
000000008000fe80,,a5:00000000800120dc,,000097ba,3,"c.add   a5, a4",,
000000008000fe82,,a4:00000000800120b9,,fe043703,3,"ld      a4, -32(s0)",,
000000008000fe60,,a5:00000000800120b9,,fe043783,3,"ld      a5, -32(s0)",,
000000008000fe64,,a4:00000000800120ba,,00178713,3,"addi    a4, a5, 1",,
000000008000fe6c,,a4:0000000000000000,,fc442703,3,"lw      a4, -60(s0)",,
000000008000fe70,,a4:0000000000000000,,0ff77713,3,"andi    a4, a4, 255",,
000000008000fe78,,a4:0000000080012040,,fc843703,3,"ld      a4, -56(s0)",,
000000008000fe7c,,a5:000000000000009c,,fb843783,3,"ld      a5, -72(s0)",,
000000008000fe80,,a5:00000000800120dc,,000097ba,3,"c.add   a5, a4",,
000000008000fe82,,a4:00000000800120ba,,fe043703,3,"ld      a4, -32(s0)",,
000000008000fe60,,a5:00000000800120ba,,fe043783,3,"ld      a5, -32(s0)",,
000000008000fe64,,a4:00000000800120bb,,00178713,3,"addi    a4, a5, 1",,
000000008000fe6c,,a4:0000000000000000,,fc442703,3,"lw      a4, -60(s0)",,
000000008000fe70,,a4:0000000000000000,,0ff77713,3,"andi    a4, a4, 255",,
000000008000fe78,,a4:0000000080012040,,fc843703,3,"ld      a4, -56(s0)",,
000000008000fe7c,,a5:000000000000009c,,fb843783,3,"ld      a5, -72(s0)",,
000000008000fe80,,a5:00000000800120dc,,000097ba,3,"c.add   a5, a4",,
000000008000fe82,,a4:00000000800120bb,,fe043703,3,"ld      a4, -32(s0)",,
000000008000fe60,,a5:00000000800120bb,,fe043783,3,"ld      a5, -32(s0)",,
000000008000fe64,,a4:00000000800120bc,,00178713,3,"addi    a4, a5, 1",,
000000008000fe6c,,a4:0000000000000000,,fc442703,3,"lw      a4, -60(s0)",,
000000008000fe70,,a4:0000000000000000,,0ff77713,3,"andi    a4, a4, 255",,
000000008000fe78,,a4:0000000080012040,,fc843703,3,"ld      a4, -56(s0)",,
000000008000fe7c,,a5:000000000000009c,,fb843783,3,"ld      a5, -72(s0)",,
000000008000fe80,,a5:00000000800120dc,,000097ba,3,"c.add   a5, a4",,
000000008000fe82,,a4:00000000800120bc,,fe043703,3,"ld      a4, -32(s0)",,
000000008000fe60,,a5:00000000800120bc,,fe043783,3,"ld      a5, -32(s0)",,
000000008000fe64,,a4:00000000800120bd,,00178713,3,"addi    a4, a5, 1",,
000000008000fe6c,,a4:0000000000000000,,fc442703,3,"lw      a4, -60(s0)",,
000000008000fe70,,a4:0000000000000000,,0ff77713,3,"andi    a4, a4, 255",,
000000008000fe78,,a4:0000000080012040,,fc843703,3,"ld      a4, -56(s0)",,
000000008000fe7c,,a5:000000000000009c,,fb843783,3,"ld      a5, -72(s0)",,
000000008000fe80,,a5:00000000800120dc,,000097ba,3,"c.add   a5, a4",,
000000008000fe82,,a4:00000000800120bd,,fe043703,3,"ld      a4, -32(s0)",,
000000008000fe60,,a5:00000000800120bd,,fe043783,3,"ld      a5, -32(s0)",,
000000008000fe64,,a4:00000000800120be,,00178713,3,"addi    a4, a5, 1",,
000000008000fe6c,,a4:0000000000000000,,fc442703,3,"lw      a4, -60(s0)",,
000000008000fe70,,a4:0000000000000000,,0ff77713,3,"andi    a4, a4, 255",,
000000008000fe78,,a4:0000000080012040,,fc843703,3,"ld      a4, -56(s0)",,
000000008000fe7c,,a5:000000000000009c,,fb843783,3,"ld      a5, -72(s0)",,
000000008000fe80,,a5:00000000800120dc,,000097ba,3,"c.add   a5, a4",,
000000008000fe82,,a4:00000000800120be,,fe043703,3,"ld      a4, -32(s0)",,
000000008000fe60,,a5:00000000800120be,,fe043783,3,"ld      a5, -32(s0)",,
000000008000fe64,,a4:00000000800120bf,,00178713,3,"addi    a4, a5, 1",,
000000008000fe6c,,a4:0000000000000000,,fc442703,3,"lw      a4, -60(s0)",,
000000008000fe70,,a4:0000000000000000,,0ff77713,3,"andi    a4, a4, 255",,
000000008000fe78,,a4:0000000080012040,,fc843703,3,"ld      a4, -56(s0)",,
000000008000fe7c,,a5:000000000000009c,,fb843783,3,"ld      a5, -72(s0)",,
000000008000fe80,,a5:00000000800120dc,,000097ba,3,"c.add   a5, a4",,
000000008000fe82,,a4:00000000800120bf,,fe043703,3,"ld      a4, -32(s0)",,
000000008000fe60,,a5:00000000800120bf,,fe043783,3,"ld      a5, -32(s0)",,
000000008000fe64,,a4:00000000800120c0,,00178713,3,"addi    a4, a5, 1",,
000000008000fe6c,,a4:0000000000000000,,fc442703,3,"lw      a4, -60(s0)",,
000000008000fe70,,a4:0000000000000000,,0ff77713,3,"andi    a4, a4, 255",,
000000008000fe78,,a4:0000000080012040,,fc843703,3,"ld      a4, -56(s0)",,
000000008000fe7c,,a5:000000000000009c,,fb843783,3,"ld      a5, -72(s0)",,
000000008000fe80,,a5:00000000800120dc,,000097ba,3,"c.add   a5, a4",,
000000008000fe82,,a4:00000000800120c0,,fe043703,3,"ld      a4, -32(s0)",,
000000008000fe60,,a5:00000000800120c0,,fe043783,3,"ld      a5, -32(s0)",,
000000008000fe64,,a4:00000000800120c1,,00178713,3,"addi    a4, a5, 1",,
000000008000fe6c,,a4:0000000000000000,,fc442703,3,"lw      a4, -60(s0)",,
000000008000fe70,,a4:0000000000000000,,0ff77713,3,"andi    a4, a4, 255",,
000000008000fe78,,a4:0000000080012040,,fc843703,3,"ld      a4, -56(s0)",,
000000008000fe7c,,a5:000000000000009c,,fb843783,3,"ld      a5, -72(s0)",,
000000008000fe80,,a5:00000000800120dc,,000097ba,3,"c.add   a5, a4",,
000000008000fe82,,a4:00000000800120c1,,fe043703,3,"ld      a4, -32(s0)",,
000000008000fe60,,a5:00000000800120c1,,fe043783,3,"ld      a5, -32(s0)",,
000000008000fe64,,a4:00000000800120c2,,00178713,3,"addi    a4, a5, 1",,
000000008000fe6c,,a4:0000000000000000,,fc442703,3,"lw      a4, -60(s0)",,
000000008000fe70,,a4:0000000000000000,,0ff77713,3,"andi    a4, a4, 255",,
000000008000fe78,,a4:0000000080012040,,fc843703,3,"ld      a4, -56(s0)",,
000000008000fe7c,,a5:000000000000009c,,fb843783,3,"ld      a5, -72(s0)",,
000000008000fe80,,a5:00000000800120dc,,000097ba,3,"c.add   a5, a4",,
000000008000fe82,,a4:00000000800120c2,,fe043703,3,"ld      a4, -32(s0)",,
000000008000fe60,,a5:00000000800120c2,,fe043783,3,"ld      a5, -32(s0)",,
000000008000fe64,,a4:00000000800120c3,,00178713,3,"addi    a4, a5, 1",,
000000008000fe6c,,a4:0000000000000000,,fc442703,3,"lw      a4, -60(s0)",,
000000008000fe70,,a4:0000000000000000,,0ff77713,3,"andi    a4, a4, 255",,
000000008000fe78,,a4:0000000080012040,,fc843703,3,"ld      a4, -56(s0)",,
000000008000fe7c,,a5:000000000000009c,,fb843783,3,"ld      a5, -72(s0)",,
000000008000fe80,,a5:00000000800120dc,,000097ba,3,"c.add   a5, a4",,
000000008000fe82,,a4:00000000800120c3,,fe043703,3,"ld      a4, -32(s0)",,
000000008000fe60,,a5:00000000800120c3,,fe043783,3,"ld      a5, -32(s0)",,
000000008000fe64,,a4:00000000800120c4,,00178713,3,"addi    a4, a5, 1",,
000000008000fe6c,,a4:0000000000000000,,fc442703,3,"lw      a4, -60(s0)",,
000000008000fe70,,a4:0000000000000000,,0ff77713,3,"andi    a4, a4, 255",,
000000008000fe78,,a4:0000000080012040,,fc843703,3,"ld      a4, -56(s0)",,
000000008000fe7c,,a5:000000000000009c,,fb843783,3,"ld      a5, -72(s0)",,
000000008000fe80,,a5:00000000800120dc,,000097ba,3,"c.add   a5, a4",,
000000008000fe82,,a4:00000000800120c4,,fe043703,3,"ld      a4, -32(s0)",,
000000008000fe60,,a5:00000000800120c4,,fe043783,3,"ld      a5, -32(s0)",,
000000008000fe64,,a4:00000000800120c5,,00178713,3,"addi    a4, a5, 1",,
000000008000fe6c,,a4:0000000000000000,,fc442703,3,"lw      a4, -60(s0)",,
000000008000fe70,,a4:0000000000000000,,0ff77713,3,"andi    a4, a4, 255",,
000000008000fe78,,a4:0000000080012040,,fc843703,3,"ld      a4, -56(s0)",,
000000008000fe7c,,a5:000000000000009c,,fb843783,3,"ld      a5, -72(s0)",,
000000008000fe80,,a5:00000000800120dc,,000097ba,3,"c.add   a5, a4",,
000000008000fe82,,a4:00000000800120c5,,fe043703,3,"ld      a4, -32(s0)",,
000000008000fe60,,a5:00000000800120c5,,fe043783,3,"ld      a5, -32(s0)",,
000000008000fe64,,a4:00000000800120c6,,00178713,3,"addi    a4, a5, 1",,
000000008000fe6c,,a4:0000000000000000,,fc442703,3,"lw      a4, -60(s0)",,
000000008000fe70,,a4:0000000000000000,,0ff77713,3,"andi    a4, a4, 255",,
000000008000fe78,,a4:0000000080012040,,fc843703,3,"ld      a4, -56(s0)",,
000000008000fe7c,,a5:000000000000009c,,fb843783,3,"ld      a5, -72(s0)",,
000000008000fe80,,a5:00000000800120dc,,000097ba,3,"c.add   a5, a4",,
000000008000fe82,,a4:00000000800120c6,,fe043703,3,"ld      a4, -32(s0)",,
000000008000fe60,,a5:00000000800120c6,,fe043783,3,"ld      a5, -32(s0)",,
000000008000fe64,,a4:00000000800120c7,,00178713,3,"addi    a4, a5, 1",,
000000008000fe6c,,a4:0000000000000000,,fc442703,3,"lw      a4, -60(s0)",,
000000008000fe70,,a4:0000000000000000,,0ff77713,3,"andi    a4, a4, 255",,
000000008000fe78,,a4:0000000080012040,,fc843703,3,"ld      a4, -56(s0)",,
000000008000fe7c,,a5:000000000000009c,,fb843783,3,"ld      a5, -72(s0)",,
000000008000fe80,,a5:00000000800120dc,,000097ba,3,"c.add   a5, a4",,
000000008000fe82,,a4:00000000800120c7,,fe043703,3,"ld      a4, -32(s0)",,
000000008000fe60,,a5:00000000800120c7,,fe043783,3,"ld      a5, -32(s0)",,
000000008000fe64,,a4:00000000800120c8,,00178713,3,"addi    a4, a5, 1",,
000000008000fe6c,,a4:0000000000000000,,fc442703,3,"lw      a4, -60(s0)",,
000000008000fe70,,a4:0000000000000000,,0ff77713,3,"andi    a4, a4, 255",,
000000008000fe78,,a4:0000000080012040,,fc843703,3,"ld      a4, -56(s0)",,
000000008000fe7c,,a5:000000000000009c,,fb843783,3,"ld      a5, -72(s0)",,
000000008000fe80,,a5:00000000800120dc,,000097ba,3,"c.add   a5, a4",,
000000008000fe82,,a4:00000000800120c8,,fe043703,3,"ld      a4, -32(s0)",,
000000008000fe60,,a5:00000000800120c8,,fe043783,3,"ld      a5, -32(s0)",,
000000008000fe64,,a4:00000000800120c9,,00178713,3,"addi    a4, a5, 1",,
000000008000fe6c,,a4:0000000000000000,,fc442703,3,"lw      a4, -60(s0)",,
000000008000fe70,,a4:0000000000000000,,0ff77713,3,"andi    a4, a4, 255",,
000000008000fe78,,a4:0000000080012040,,fc843703,3,"ld      a4, -56(s0)",,
000000008000fe7c,,a5:000000000000009c,,fb843783,3,"ld      a5, -72(s0)",,
000000008000fe80,,a5:00000000800120dc,,000097ba,3,"c.add   a5, a4",,
000000008000fe82,,a4:00000000800120c9,,fe043703,3,"ld      a4, -32(s0)",,
000000008000fe60,,a5:00000000800120c9,,fe043783,3,"ld      a5, -32(s0)",,
000000008000fe64,,a4:00000000800120ca,,00178713,3,"addi    a4, a5, 1",,
000000008000fe6c,,a4:0000000000000000,,fc442703,3,"lw      a4, -60(s0)",,
000000008000fe70,,a4:0000000000000000,,0ff77713,3,"andi    a4, a4, 255",,
000000008000fe78,,a4:0000000080012040,,fc843703,3,"ld      a4, -56(s0)",,
000000008000fe7c,,a5:000000000000009c,,fb843783,3,"ld      a5, -72(s0)",,
000000008000fe80,,a5:00000000800120dc,,000097ba,3,"c.add   a5, a4",,
000000008000fe82,,a4:00000000800120ca,,fe043703,3,"ld      a4, -32(s0)",,
000000008000fe60,,a5:00000000800120ca,,fe043783,3,"ld      a5, -32(s0)",,
000000008000fe64,,a4:00000000800120cb,,00178713,3,"addi    a4, a5, 1",,
000000008000fe6c,,a4:0000000000000000,,fc442703,3,"lw      a4, -60(s0)",,
000000008000fe70,,a4:0000000000000000,,0ff77713,3,"andi    a4, a4, 255",,
000000008000fe78,,a4:0000000080012040,,fc843703,3,"ld      a4, -56(s0)",,
000000008000fe7c,,a5:000000000000009c,,fb843783,3,"ld      a5, -72(s0)",,
000000008000fe80,,a5:00000000800120dc,,000097ba,3,"c.add   a5, a4",,
000000008000fe82,,a4:00000000800120cb,,fe043703,3,"ld      a4, -32(s0)",,
000000008000fe60,,a5:00000000800120cb,,fe043783,3,"ld      a5, -32(s0)",,
000000008000fe64,,a4:00000000800120cc,,00178713,3,"addi    a4, a5, 1",,
000000008000fe6c,,a4:0000000000000000,,fc442703,3,"lw      a4, -60(s0)",,
000000008000fe70,,a4:0000000000000000,,0ff77713,3,"andi    a4, a4, 255",,
000000008000fe78,,a4:0000000080012040,,fc843703,3,"ld      a4, -56(s0)",,
000000008000fe7c,,a5:000000000000009c,,fb843783,3,"ld      a5, -72(s0)",,
000000008000fe80,,a5:00000000800120dc,,000097ba,3,"c.add   a5, a4",,
000000008000fe82,,a4:00000000800120cc,,fe043703,3,"ld      a4, -32(s0)",,
000000008000fe60,,a5:00000000800120cc,,fe043783,3,"ld      a5, -32(s0)",,
000000008000fe64,,a4:00000000800120cd,,00178713,3,"addi    a4, a5, 1",,
000000008000fe6c,,a4:0000000000000000,,fc442703,3,"lw      a4, -60(s0)",,
000000008000fe70,,a4:0000000000000000,,0ff77713,3,"andi    a4, a4, 255",,
000000008000fe78,,a4:0000000080012040,,fc843703,3,"ld      a4, -56(s0)",,
000000008000fe7c,,a5:000000000000009c,,fb843783,3,"ld      a5, -72(s0)",,
000000008000fe80,,a5:00000000800120dc,,000097ba,3,"c.add   a5, a4",,
000000008000fe82,,a4:00000000800120cd,,fe043703,3,"ld      a4, -32(s0)",,
000000008000fe60,,a5:00000000800120cd,,fe043783,3,"ld      a5, -32(s0)",,
000000008000fe64,,a4:00000000800120ce,,00178713,3,"addi    a4, a5, 1",,
000000008000fe6c,,a4:0000000000000000,,fc442703,3,"lw      a4, -60(s0)",,
000000008000fe70,,a4:0000000000000000,,0ff77713,3,"andi    a4, a4, 255",,
000000008000fe78,,a4:0000000080012040,,fc843703,3,"ld      a4, -56(s0)",,
000000008000fe7c,,a5:000000000000009c,,fb843783,3,"ld      a5, -72(s0)",,
000000008000fe80,,a5:00000000800120dc,,000097ba,3,"c.add   a5, a4",,
000000008000fe82,,a4:00000000800120ce,,fe043703,3,"ld      a4, -32(s0)",,
000000008000fe60,,a5:00000000800120ce,,fe043783,3,"ld      a5, -32(s0)",,
000000008000fe64,,a4:00000000800120cf,,00178713,3,"addi    a4, a5, 1",,
000000008000fe6c,,a4:0000000000000000,,fc442703,3,"lw      a4, -60(s0)",,
000000008000fe70,,a4:0000000000000000,,0ff77713,3,"andi    a4, a4, 255",,
000000008000fe78,,a4:0000000080012040,,fc843703,3,"ld      a4, -56(s0)",,
000000008000fe7c,,a5:000000000000009c,,fb843783,3,"ld      a5, -72(s0)",,
000000008000fe80,,a5:00000000800120dc,,000097ba,3,"c.add   a5, a4",,
000000008000fe82,,a4:00000000800120cf,,fe043703,3,"ld      a4, -32(s0)",,
000000008000fe60,,a5:00000000800120cf,,fe043783,3,"ld      a5, -32(s0)",,
000000008000fe64,,a4:00000000800120d0,,00178713,3,"addi    a4, a5, 1",,
000000008000fe6c,,a4:0000000000000000,,fc442703,3,"lw      a4, -60(s0)",,
000000008000fe70,,a4:0000000000000000,,0ff77713,3,"andi    a4, a4, 255",,
000000008000fe78,,a4:0000000080012040,,fc843703,3,"ld      a4, -56(s0)",,
000000008000fe7c,,a5:000000000000009c,,fb843783,3,"ld      a5, -72(s0)",,
000000008000fe80,,a5:00000000800120dc,,000097ba,3,"c.add   a5, a4",,
000000008000fe82,,a4:00000000800120d0,,fe043703,3,"ld      a4, -32(s0)",,
000000008000fe60,,a5:00000000800120d0,,fe043783,3,"ld      a5, -32(s0)",,
000000008000fe64,,a4:00000000800120d1,,00178713,3,"addi    a4, a5, 1",,
000000008000fe6c,,a4:0000000000000000,,fc442703,3,"lw      a4, -60(s0)",,
000000008000fe70,,a4:0000000000000000,,0ff77713,3,"andi    a4, a4, 255",,
000000008000fe78,,a4:0000000080012040,,fc843703,3,"ld      a4, -56(s0)",,
000000008000fe7c,,a5:000000000000009c,,fb843783,3,"ld      a5, -72(s0)",,
000000008000fe80,,a5:00000000800120dc,,000097ba,3,"c.add   a5, a4",,
000000008000fe82,,a4:00000000800120d1,,fe043703,3,"ld      a4, -32(s0)",,
000000008000fe60,,a5:00000000800120d1,,fe043783,3,"ld      a5, -32(s0)",,
000000008000fe64,,a4:00000000800120d2,,00178713,3,"addi    a4, a5, 1",,
000000008000fe6c,,a4:0000000000000000,,fc442703,3,"lw      a4, -60(s0)",,
000000008000fe70,,a4:0000000000000000,,0ff77713,3,"andi    a4, a4, 255",,
000000008000fe78,,a4:0000000080012040,,fc843703,3,"ld      a4, -56(s0)",,
000000008000fe7c,,a5:000000000000009c,,fb843783,3,"ld      a5, -72(s0)",,
000000008000fe80,,a5:00000000800120dc,,000097ba,3,"c.add   a5, a4",,
000000008000fe82,,a4:00000000800120d2,,fe043703,3,"ld      a4, -32(s0)",,
000000008000fe60,,a5:00000000800120d2,,fe043783,3,"ld      a5, -32(s0)",,
000000008000fe64,,a4:00000000800120d3,,00178713,3,"addi    a4, a5, 1",,
000000008000fe6c,,a4:0000000000000000,,fc442703,3,"lw      a4, -60(s0)",,
000000008000fe70,,a4:0000000000000000,,0ff77713,3,"andi    a4, a4, 255",,
000000008000fe78,,a4:0000000080012040,,fc843703,3,"ld      a4, -56(s0)",,
000000008000fe7c,,a5:000000000000009c,,fb843783,3,"ld      a5, -72(s0)",,
000000008000fe80,,a5:00000000800120dc,,000097ba,3,"c.add   a5, a4",,
000000008000fe82,,a4:00000000800120d3,,fe043703,3,"ld      a4, -32(s0)",,
000000008000fe60,,a5:00000000800120d3,,fe043783,3,"ld      a5, -32(s0)",,
000000008000fe64,,a4:00000000800120d4,,00178713,3,"addi    a4, a5, 1",,
000000008000fe6c,,a4:0000000000000000,,fc442703,3,"lw      a4, -60(s0)",,
000000008000fe70,,a4:0000000000000000,,0ff77713,3,"andi    a4, a4, 255",,
000000008000fe78,,a4:0000000080012040,,fc843703,3,"ld      a4, -56(s0)",,
000000008000fe7c,,a5:000000000000009c,,fb843783,3,"ld      a5, -72(s0)",,
000000008000fe80,,a5:00000000800120dc,,000097ba,3,"c.add   a5, a4",,
000000008000fe82,,a4:00000000800120d4,,fe043703,3,"ld      a4, -32(s0)",,
000000008000fe60,,a5:00000000800120d4,,fe043783,3,"ld      a5, -32(s0)",,
000000008000fe64,,a4:00000000800120d5,,00178713,3,"addi    a4, a5, 1",,
000000008000fe6c,,a4:0000000000000000,,fc442703,3,"lw      a4, -60(s0)",,
000000008000fe70,,a4:0000000000000000,,0ff77713,3,"andi    a4, a4, 255",,
000000008000fe78,,a4:0000000080012040,,fc843703,3,"ld      a4, -56(s0)",,
000000008000fe7c,,a5:000000000000009c,,fb843783,3,"ld      a5, -72(s0)",,
000000008000fe80,,a5:00000000800120dc,,000097ba,3,"c.add   a5, a4",,
000000008000fe82,,a4:00000000800120d5,,fe043703,3,"ld      a4, -32(s0)",,
000000008000fe60,,a5:00000000800120d5,,fe043783,3,"ld      a5, -32(s0)",,
000000008000fe64,,a4:00000000800120d6,,00178713,3,"addi    a4, a5, 1",,
000000008000fe6c,,a4:0000000000000000,,fc442703,3,"lw      a4, -60(s0)",,
000000008000fe70,,a4:0000000000000000,,0ff77713,3,"andi    a4, a4, 255",,
000000008000fe78,,a4:0000000080012040,,fc843703,3,"ld      a4, -56(s0)",,
000000008000fe7c,,a5:000000000000009c,,fb843783,3,"ld      a5, -72(s0)",,
000000008000fe80,,a5:00000000800120dc,,000097ba,3,"c.add   a5, a4",,
000000008000fe82,,a4:00000000800120d6,,fe043703,3,"ld      a4, -32(s0)",,
000000008000fe60,,a5:00000000800120d6,,fe043783,3,"ld      a5, -32(s0)",,
000000008000fe64,,a4:00000000800120d7,,00178713,3,"addi    a4, a5, 1",,
000000008000fe6c,,a4:0000000000000000,,fc442703,3,"lw      a4, -60(s0)",,
000000008000fe70,,a4:0000000000000000,,0ff77713,3,"andi    a4, a4, 255",,
000000008000fe78,,a4:0000000080012040,,fc843703,3,"ld      a4, -56(s0)",,
000000008000fe7c,,a5:000000000000009c,,fb843783,3,"ld      a5, -72(s0)",,
000000008000fe80,,a5:00000000800120dc,,000097ba,3,"c.add   a5, a4",,
000000008000fe82,,a4:00000000800120d7,,fe043703,3,"ld      a4, -32(s0)",,
000000008000fe60,,a5:00000000800120d7,,fe043783,3,"ld      a5, -32(s0)",,
000000008000fe64,,a4:00000000800120d8,,00178713,3,"addi    a4, a5, 1",,
000000008000fe6c,,a4:0000000000000000,,fc442703,3,"lw      a4, -60(s0)",,
000000008000fe70,,a4:0000000000000000,,0ff77713,3,"andi    a4, a4, 255",,
000000008000fe78,,a4:0000000080012040,,fc843703,3,"ld      a4, -56(s0)",,
000000008000fe7c,,a5:000000000000009c,,fb843783,3,"ld      a5, -72(s0)",,
000000008000fe80,,a5:00000000800120dc,,000097ba,3,"c.add   a5, a4",,
000000008000fe82,,a4:00000000800120d8,,fe043703,3,"ld      a4, -32(s0)",,
000000008000fe60,,a5:00000000800120d8,,fe043783,3,"ld      a5, -32(s0)",,
000000008000fe64,,a4:00000000800120d9,,00178713,3,"addi    a4, a5, 1",,
000000008000fe6c,,a4:0000000000000000,,fc442703,3,"lw      a4, -60(s0)",,
000000008000fe70,,a4:0000000000000000,,0ff77713,3,"andi    a4, a4, 255",,
000000008000fe78,,a4:0000000080012040,,fc843703,3,"ld      a4, -56(s0)",,
000000008000fe7c,,a5:000000000000009c,,fb843783,3,"ld      a5, -72(s0)",,
000000008000fe80,,a5:00000000800120dc,,000097ba,3,"c.add   a5, a4",,
000000008000fe82,,a4:00000000800120d9,,fe043703,3,"ld      a4, -32(s0)",,
000000008000fe60,,a5:00000000800120d9,,fe043783,3,"ld      a5, -32(s0)",,
000000008000fe64,,a4:00000000800120da,,00178713,3,"addi    a4, a5, 1",,
000000008000fe6c,,a4:0000000000000000,,fc442703,3,"lw      a4, -60(s0)",,
000000008000fe70,,a4:0000000000000000,,0ff77713,3,"andi    a4, a4, 255",,
000000008000fe78,,a4:0000000080012040,,fc843703,3,"ld      a4, -56(s0)",,
000000008000fe7c,,a5:000000000000009c,,fb843783,3,"ld      a5, -72(s0)",,
000000008000fe80,,a5:00000000800120dc,,000097ba,3,"c.add   a5, a4",,
000000008000fe82,,a4:00000000800120da,,fe043703,3,"ld      a4, -32(s0)",,
000000008000fe60,,a5:00000000800120da,,fe043783,3,"ld      a5, -32(s0)",,
000000008000fe64,,a4:00000000800120db,,00178713,3,"addi    a4, a5, 1",,
000000008000fe6c,,a4:0000000000000000,,fc442703,3,"lw      a4, -60(s0)",,
000000008000fe70,,a4:0000000000000000,,0ff77713,3,"andi    a4, a4, 255",,
000000008000fe78,,a4:0000000080012040,,fc843703,3,"ld      a4, -56(s0)",,
000000008000fe7c,,a5:000000000000009c,,fb843783,3,"ld      a5, -72(s0)",,
000000008000fe80,,a5:00000000800120dc,,000097ba,3,"c.add   a5, a4",,
000000008000fe82,,a4:00000000800120db,,fe043703,3,"ld      a4, -32(s0)",,
000000008000fe60,,a5:00000000800120db,,fe043783,3,"ld      a5, -32(s0)",,
000000008000fe64,,a4:00000000800120dc,,00178713,3,"addi    a4, a5, 1",,
000000008000fe6c,,a4:0000000000000000,,fc442703,3,"lw      a4, -60(s0)",,
000000008000fe70,,a4:0000000000000000,,0ff77713,3,"andi    a4, a4, 255",,
000000008000fe78,,a4:0000000080012040,,fc843703,3,"ld      a4, -56(s0)",,
000000008000fe7c,,a5:000000000000009c,,fb843783,3,"ld      a5, -72(s0)",,
000000008000fe80,,a5:00000000800120dc,,000097ba,3,"c.add   a5, a4",,
000000008000fe82,,a4:00000000800120dc,,fe043703,3,"ld      a4, -32(s0)",,
000000008000fe8a,,a5:0000000080012040,,fc843783,3,"ld      a5, -56(s0)",,
000000008000fe8e,,a0:0000000080012040,,0000853e,3,"c.mv    a0, a5",,
000000008000fe90,,s0:0000000080031f90,,00006426,3,"c.ldsp  s0, 72(sp)",,
000000008000fe92,,sp:0000000080031f70,,00006161,3,"c.addi16sp sp, 80",,
000000008000f44a,,ra:000000008000f488,,000060e2,3,"c.ldsp  ra, 24(sp)",,
000000008000f44c,,s0:0000000080032040,,00006442,3,"c.ldsp  s0, 16(sp)",,
000000008000f44e,,sp:0000000080031f90,,00006105,3,"c.addi16sp sp, 32",,
000000008000f488,,a4:0000000000000001,,f5842703,3,"lw      a4, -168(s0)",,
000000008000f48c,,a5:0000000000000000,,f5c42783,3,"lw      a5, -164(s0)",,
000000008000f490,,a1:0000000000000001,,000085ba,3,"c.mv    a1, a4",,
000000008000f492,,a0:0000000000000000,,0000853e,3,"c.mv    a0, a5",,
000000008000f494,,ra:000000008000f498,,f03ff0ef,3,jal     -0xfe,,
000000008000f396,,sp:0000000080031f70,,00001101,3,"c.addi  sp, -32",,
000000008000f39a,,s0:0000000080031f90,,00001000,3,"c.addi4spn s0, sp, 32",,
000000008000f39c,,a5:0000000000000000,,000087aa,3,"c.mv    a5, a0",,
000000008000f39e,,a4:0000000000000001,,0000872e,3,"c.mv    a4, a1",,
000000008000f3a4,,a5:0000000000000001,,000087ba,3,"c.mv    a5, a4",,
000000008000f3ac,,a5:0000000000000000,,fec42783,3,"lw      a5, -20(s0)",,
000000008000f3b0,,a5:0000000000000000,,00002781,3,"c.addiw a5, 0",,
000000008000f3b8,,s0:0000000080032040,,00006462,3,"c.ldsp  s0, 24(sp)",,
000000008000f3ba,,sp:0000000080031f90,,00006105,3,"c.addi16sp sp, 32",,
000000008000f498,,a1:0000000000000000,,00004581,3,"c.li    a1, 0",,
000000008000f49a,,a0:0000000000000000,,00004501,3,"c.li    a0, 0",,
000000008000f49c,,ra:000000008000f4a0,,b65f20ef,3,jal     -0xd49c,,
0000000080002002,,a5:0000000080004002,,00002797,3,"auipc   a5, 0x2",,
0000000080002006,,a5:0000000080004000,,ffe78793,3,"addi    a5, a5, -2",,
000000008000200e,,s8:000000008000400e,,00002c17,3,"auipc   s8, 0x2",,
0000000080002012,,s8:0000000080004030,,022c0c13,3,"addi    s8, s8, 34",,
0000000080002016,,a5:0000000000000000,,00004781,3,"c.li    a5, 0",,
0000000080002018,,s8:0000000080004030,,00009c3e,3,"c.add   s8, a5",,
000000008000201e,,s8:000000000000000f,,00004c3d,3,"c.li    s8, 15",,
0000000080002028,,a5:0000000080004028,,00002797,3,"auipc   a5, 0x2",,
000000008000202c,,a5:0000000080004030,,00878793,3,"addi    a5, a5, 8",,
0000000080002034,,t6:0000000000000001,,00100f9b,3,"addiw   t6, zero, 1",,
0000000080002038,,t6:0000000080000000,,00000ffe,3,"c.slli  t6, 31",,
000000008000203c,,a5:ffffffffffffffff,,fff0079b,3,"addiw   a5, zero, -1",,
0000000080002040,,a5:8000000000000000,,000017fe,3,"c.slli  a5, 63",,
0000000080002046,,a5:0000000080011046,,0000f797,3,"auipc   a5, 0xf",,
000000008000204a,,a5:0000000080011000,,fba78793,3,"addi    a5, a5, -70",,
000000008000204e,,a5:0000000000080011,,000083b1,3,"c.srli  a5, 12",,
0000000080002050,,a2:0000000000000001,,0010061b,3,"addiw   a2, zero, 1",,
0000000080002054,,a2:0000100000000000,,00001632,3,"c.slli  a2, 44",,
0000000080002056,,a2:00000fffffffffff,,0000167d,3,"c.addi  a2, -1",,
0000000080002058,,a5:0000000000080011,,00008ff1,3,"c.and   a5, a2",,
000000008000205e,,a1:0000000000a00000,,00a005b7,3,"lui     a1, 0xa00",,
0000000080002062,,a1:0000000000a0010b,,10b5859b,3,"addiw   a1, a1, 267",,
0000000080002066,,a1:0000000a0010b000,,000005b2,3,"c.slli  a1, 12",,
0000000080002068,,a1:0000000a0010aa00,,a0058593,3,"addi    a1, a1, -1536",,
0000000080002074,,a1:0000000000a00000,,00a005b7,3,"lui     a1, 0xa00",,
0000000080002078,,a1:0000000000a0010b,,10b5859b,3,"addiw   a1, a1, 267",,
000000008000207c,,a1:0000000a0010b000,,000005b2,3,"c.slli  a1, 12",,
000000008000207e,,a1:0000000a0010aa00,,a0058593,3,"addi    a1, a1, -1536",,
0000000080004032,,t0:0000000000000000,,035292b3,1,"mulh    t0, t0, s5",,
0000000080004036,,ft0:0000000000000000,,d22cf053,1,"fcvt.d.l ft0, s9",,
000000008000403a,,s3:0000000000000000,,038689bb,1,"mulw    s3, a3, s8",,
000000008000403e,,a0:00000000000004ee,,4ee3c513,1,"xori    a0, t2, 1262",,
0000000080004046,,fs11:41e00063f8000000,,d2148dd3,1,"fcvt.d.wu fs11, s1",,
000000008000404a,,s6:00000000000004ef,,00150b1b,1,"addiw   s6, a0, 1",,
000000008000404e,,s0:00000000000004fe,,018b0433,1,"add     s0, s6, s8",,
0000000080004052,,s0:0000000080031fc0,,c22df453,1,"fcvt.l.d s0, fs11",,
0000000080004056,,a6:0000000000000000,,0068083b,1,"addw    a6, a6, t1",,
000000008000405a,,ft9:41e00063f2000000,,d2110ed3,1,"fcvt.d.wu ft9, sp",,
000000008000405e,,s5:0000000000000000,,007a9abb,1,"sllw    s5, s5, t2",,
0000000080004062,,t0:000000007fffffff,,c200f2d3,1,"fcvt.w.d t0, ft1",,
0000000080004066,,s2:0000000000000000,,001d591b,1,"srliw   s2, s10, 1",,
000000008000406a,,tp:0000000080012040,,41220233,1,"sub     tp, tp, s2",,
000000008000406e,,fs7:7ff8000000000000,,1adbfbd3,1,"fdiv.d  fs7, fs7, fa3",,
0000000080004072,,ft6:7ff8000000000000,,cb13f347,1,"fmsub.d ft6, ft7, fa7, fs9",,
0000000080004076,,t0:0000000000000000,,002c92f3,1,"csrrw   t0, frm, s9",,
000000008000407a,,s0:00000000b41a207a,,3419e417,1,"auipc   s0, 0x3419e",,
000000008000407e,,s8:0000000000080011,,0257fc3b,1,"remuw   s8, a5, t0",,
0000000080004082,,s10:0000000022060082,,a205cd17,1,"auipc   s10, 0xa205c",,
0000000080004086,,sp:00000000006c9000,,006c9137,1,"lui     sp, 0x6c9",,
000000008000408a,,sp:00000000006c9253,,2531011b,1,"addiw   sp, sp, 595",,
000000008000408e,,sp:0000001b2494c000,,0000013a,1,"c.slli  sp, 14",,
0000000080004090,,sp:0000001b2494c502,,50210113,1,"addi    sp, sp, 1282",,
0000000080004094,,s7:000000002494c502,,03716bbb,1,"remw    s7, sp, s7",,
0000000080004098,,a3:000000002494c64b,,1491069b,1,"addiw   a3, sp, 329",,
000000008000409c,,t2:ffffffffffffffff,,41f2539b,1,"sraiw   t2, tp, 31",,
00000000800040a0,,a4:0000000000000000,,00202773,1,"csrrs   a4, frm, zero",,
00000000800040a8,,s6:0000000000000000,,02887b3b,1,"remuw   s6, a6, s0",,
00000000800040ac,,fs6:c1e00063f2000000,,23eeab53,1,"fsgnjx.d fs6, ft9, ft10",,
00000000800040b0,,a7:ffffffffffffffff,,031cc8b3,1,"div     a7, s9, a7",,
00000000800040b4,,s8:0000000000000001,,0058ac33,1,"slt     s8, a7, t0",,
00000000800040b8,,a5:fffffffff9d89000,,f9d897b7,1,"lui     a5, 0xf9d89",,
00000000800040bc,,a5:fffffffff9d890fb,,0fb7879b,1,"addiw   a5, a5, 251",,
00000000800040c0,,a5:ffffff9d890fb000,,000007b2,1,"c.slli  a5, 12",,
00000000800040c2,,a5:ffffff9d890fb12b,,12b78793,1,"addi    a5, a5, 299",,
00000000800040c6,,t4:000000007fd54ec0,,0295feb3,1,"remu    t4, a1, s1",,
00000000800040ca,,t4:ffffffff80012040,,03227ebb,1,"remuw   t4, tp, s2",,
00000000800040ce,,a1:ffffffffffffffff,,009895b3,1,"sll     a1, a7, s1",,
00000000800040d2,,s1:00000000a2051f42,,01a4c4b3,1,"xor     s1, s1, s10",,
00000000800040d6,,fa4:41e00063f8000000,,2a7d9753,1,"fmax.d  fa4, fs11, ft7",,
00000000800040da,,ft7:7fffffff00000000,,2231a3d3,1,"fsgnjx.d ft7, ft3, ft3",,
00000000800040de,,a3:0000000000000000,,02c956b3,1,"divu    a3, s2, a2",,
00000000800040e2,,t1:0000000000000000,,0006e313,1,"ori     t1, a3, 0",,
00000000800040e6,,a5:ffffffffffffffff,,000097d5,1,"c.srai  a5, 53",,
00000000800040e8,,ra:00000000b898d0e8,,38989097,1,"auipc   ra, 0x38989",,
00000000800040ec,,s5:0000000000000000,,40f38abb,1,"subw    s5, t2, a5",,
00000000800040f0,,a2:0000000000000000,,419a863b,1,"subw    a2, s5, s9",,
00000000800040f4,,s7:2060082000000000,,024d1b93,1,"slli    s7, s10, 36",,
00000000800040f8,,t3:0088180208000000,,01ad1e13,1,"slli    t3, s10, 26",,
00000000800040fc,,a6:0000000000000000,,00229873,1,"csrrw   a6, frm, t0",,
0000000080004100,,t1:0000000000000000,,02528333,1,"mul     t1, t0, t0",,
0000000080004104,,fa2:0088180208000000,,f20e0653,1,"fmv.d.x fa2, t3",,
0000000080004108,,a2:ffffffffffffffff,,c213f653,1,"fcvt.wu.d a2, ft7",,
000000008000410c,,fs0:ffffffffffffffff,,f2078453,1,"fmv.d.x fs0, a5",,
0000000080004110,,s6:ffffffffffffffff,,c23cfb53,1,"fcvt.lu.d s6, fs9",,
0000000080004114,,ft1:0000000000000000,,420680d3,1,"fcvt.d.s ft1, fa3",,
0000000080004118,,fs11:41e440a3e8400000,,d224fdd3,1,"fcvt.d.l fs11, s1",,
000000008000411c,,fs8:7fffffff00000000,,225f9c53,1,"fsgnjn.d fs8, ft11, ft5",,
0000000080004120,,s10:0000000000000401,,401ced13,1,"ori     s10, s9, 1025",,
0000000080004124,,a7:0000000000000000,,011af8b3,1,"and     a7, s5, a7",,
0000000080004128,,a4:ffffffffffffffff,,c03b7753,1,"fcvt.lu.s a4, fs6",,
000000008000412c,,tp:0000000000000000,,4128d21b,1,"sraiw   tp, a7, 18",,
0000000080004130,,tp:00000000000005b0,,5b080213,1,"addi    tp, a6, 1456",,
0000000080004134,,gp:0000000000000000,,002021f3,1,"csrrs   gp, frm, zero",,
0000000080004008,,s8:0000000080006008,,00002c17,3,"auipc   s8, 0x2",,
000000008000400c,,s8:00000000800060fa,,0f2c0c13,3,"addi    s8, s8, 242",,
0000000080004010,,ra:0000000080004014,,000c00e7,3,jalr    s8,,
00000000800060fa,,a5:0000000080004138,,341027f3,3,"csrrs   a5, mepc, zero",,
00000000800060fe,,a4:0000000000000002,,34202773,3,"csrrs   a4, mcause, zero",,
0000000080006102,,a3:0000000000000000,,142026f3,3,"csrrs   a3, scause, zero",,
0000000080006106,,a2:0000000000000a00,,30402673,3,"csrrs   a2, mie, zero",,
000000008000610a,,a1:0000000000000080,,344025f3,3,"csrrs   a1, mip, zero",,
000000008000610e,,a1:00000000f146bdf3,,343025f3,3,"csrrs   a1, mtval, zero",,
0000000080006112,,a0:0000000000000000,,14302573,3,"csrrs   a0, stval, zero",,
0000000080006116,,s1:000000000000080f,,b02024f3,3,"csrrs   s1, minstret, zero",,
000000008000612e,,a5:000000008000413c,,00000791,3,"c.addi  a5, 4",,
000000008000413e,,a2:7fffffffffffffff,,c22ff653,1,"fcvt.l.d a2, ft11",,
0000000080004142,,s4:00000000f146bdf3,,4005da13,1,"srai    s4, a1, 0",,
0000000080004146,,s11:0000000000000000,,01b29dbb,1,"sllw    s11, t0, s11",,
000000008000414a,,a5:0000000000000000,,0006979b,1,"slliw   a5, a3, 0",,
000000008000414e,,a7:0000000000000000,,011318bb,1,"sllw    a7, t1, a7",,
0000000080004152,,ft1:7fffffff00000000,,238480d3,1,"fsgnj.d ft1, fs1, fs8",,
0000000080004156,,s3:7fffffffffffffff,,c22c79d3,1,"fcvt.l.d s3, fs8",,
000000008000415a,,s2:000000002494c502,,0311793b,1,"remuw   s2, sp, a7",,
000000008000415e,,fs8:7ff8000000000000,,030d7c53,1,"fadd.d  fs8, fs10, fa6",,
0000000080004162,,s7:ffffffffd2d3e000,,d2d3ebb7,1,"lui     s7, 0xd2d3e",,
0000000080004166,,fs1:7ff8000000000000,,5ab2f4cf,1,"fnmadd.d fs1, ft5, fa1, fa1",,
000000008000416a,,a3:000000002494bd02,,8009069b,1,"addiw   a3, s2, -2048",,
000000008000416e,,a2:0000000001e3dfff,,03766633,1,"rem     a2, a2, s7",,
0000000080004176,,a4:0000000000000004,,00009f39,1,"c.addw  a4, a4",,
0000000080004178,,sp:fffffffff4b4f800,,02ebc13b,1,"divw    sp, s7, a4",,
000000008000417c,,s2:7fffffffffffffff,,c225f953,1,"fcvt.l.d s2, fa1",,
0000000080004180,,s9:ffffffffb0000000,,01821c9b,1,"slliw   s9, tp, 24",,
0000000080004184,,gp:ffffffffffffffff,,019b11bb,1,"sllw    gp, s6, s9",,
0000000080004188,,ra:0000000000000000,,0007909b,1,"slliw   ra, a5, 0",,
000000008000418c,,fs3:0000000000000000,,2be019d3,1,"fmax.d  fs3, ft0, ft10",,
0000000080004190,,s3:0000000000000000,,143729f3,1,"csrrs   s3, stval, a4",,
0000000080004194,,fs9:0000000000000000,,5a09fcd3,1,"fsqrt.d fs9, fs3",,
0000000080004198,,t2:0000000000000000,,0329d3bb,1,"divuw   t2, s3, s2",,
000000008000419c,,a6:0000000000000000,,00635833,1,"srl     a6, t1, t1",,
0000000080004008,,s8:0000000080006008,,00002c17,3,"auipc   s8, 0x2",,
000000008000400c,,s8:00000000800060fa,,0f2c0c13,3,"addi    s8, s8, 242",,
0000000080004010,,ra:0000000080004014,,000c00e7,3,jalr    s8,,
00000000800060fa,,a5:00000000800041a0,,341027f3,3,"csrrs   a5, mepc, zero",,
00000000800060fe,,a4:0000000000000002,,34202773,3,"csrrs   a4, mcause, zero",,
0000000080006102,,a3:0000000000000000,,142026f3,3,"csrrs   a3, scause, zero",,
0000000080006106,,a2:0000000000000a00,,30402673,3,"csrrs   a2, mie, zero",,
000000008000610a,,a1:0000000000000080,,344025f3,3,"csrrs   a1, mip, zero",,
000000008000610e,,a1:000000007b006573,,343025f3,3,"csrrs   a1, mtval, zero",,
0000000080006112,,a0:0000000000000004,,14302573,3,"csrrs   a0, stval, zero",,
0000000080006116,,s1:0000000000000839,,b02024f3,3,"csrrs   s1, minstret, zero",,
000000008000612e,,a5:00000000800041a4,,00000791,3,"c.addi  a5, 4",,
00000000800041a4,,ft11:0000000000000000,,d21a8fd3,1,"fcvt.d.wu ft11, s5",,
00000000800041a8,,ft9:7ff8000000000000,,eb7efec3,1,"fmadd.d ft9, ft9, fs7, ft9",,
00000000800041ac,,gp:0000000000000001,,00aea1b3,1,"slt     gp, t4, a0",,
00000000800041b0,,t3:0000000000000a00,,40065e1b,1,"sraiw   t3, a2, 0",,
00000000800041b4,,sp:00000000800041a4,,4027d133,1,"sra     sp, a5, sp",,
00000000800041b8,,fa2:203bc453dc5a9ab7,,5a067653,1,"fsqrt.d fa2, fa2",,
00000000800041bc,,t1:00000000f9b9d1bc,,79b99317,1,"auipc   t1, 0x79b99",,
00000000800041c0,,a0:00000000800041a6,,00f70533,1,"add     a0, a4, a5",,
00000000800041c4,,s9:0000000000400000,,01571c9b,1,"slliw   s9, a4, 21",,
00000000800041c8,,fs4:7ff8000000000000,,5a087a53,1,"fsqrt.d fs4, fa6",,
00000000800041cc,,s6:00000000000003fc,,03ab7b3b,1,"remuw   s6, s6, s10",,
00000000800041d0,,t2:fffffffffffffc4d,,c4d3839b,1,"addiw   t2, t2, -947",,
00000000800041d4,,a1:000000000000ffff,,0109559b,1,"srliw   a1, s2, 16",,
00000000800041d8,,ft5:ffffffff7fc00000,,4012f2d3,1,"fcvt.s.d ft5, ft5",,
00000000800041dc,,a3:ffffffff800041a4,,415786bb,1,"subw    a3, a5, s5",,
00000000800041e0,,s0:ffffffffb41a207a,,0054043b,1,"addw    s0, s0, t0",,
00000000800041e4,,s9:0000000000000011,,00102cf3,1,"csrrs   s9, fflags, zero",,
00000000800041e8,,s11:0000000000000000,,002d9df3,1,"csrrw   s11, frm, s11",,
00000000800041ec,,ft8:7ff8000000000000,,abe47e47,1,"fmsub.d ft8, fs0, ft10, fs5",,
00000000800041f0,,s7:00000000f9b9d000,,c0037b93,1,"andi    s7, t1, -1024",,
00000000800041f4,,fs4:0000000080004014,,f2008a53,1,"fmv.d.x fs4, ra",,
00000000800041f8,,fa5:7ff8000000000000,,12f877d3,1,"fmul.d  fa5, fa6, fa5",,
00000000800041fc,,s11:0000000000000000,,a2b80dd3,1,"fle.d   s11, fa6, fa1",,
0000000080004200,,fa4:ffffffff00000000,,22c81753,1,"fsgnjn.d fa4, fa6, fa2",,
0000000080004204,,s5:ffffffffffffffff,,41195abb,1,"sraw    s5, s2, a7",,
0000000080004208,,s9:0000000000001400,,00161c9b,1,"slliw   s9, a2, 1",,
000000008000420c,,s5:7fffffffffffffff,,c2277ad3,1,"fcvt.l.d s5, fa4",,
0000000080004210,,s0:0000000000000000,,009c9433,1,"sll     s0, s9, s1",,
0000000080004214,,t2:fffffffffffffc4d,,007403bb,1,"addw    t2, s0, t2",,
0000000080004218,,a5:0000000000000000,,00f897bb,1,"sllw    a5, a7, a5",,
000000008000421c,,s2:000000001fffff89,,0033d91b,1,"srliw   s2, t2, 3",,
0000000080004220,,a7:0000000000000000,,016e589b,1,"srliw   a7, t3, 22",,
0000000080004224,,t1:000000002c0cd000,,2c0cd337,1,"lui     t1, 0x2c0cd",,
000000008000422a,,s6:000003c60c3e89f3,,034d0b33,1,"mul     s6, s10, s4",,
000000008000422e,,a7:0000000000000000,,4315d893,1,"srai    a7, a1, 49",,
0000000080004232,,ft4:ffffffff00000000,,23e70253,1,"fsgnj.d ft4, fa4, ft10",,
0000000080004236,,fs2:ffffffff7fc00000,,4011f953,1,"fcvt.s.d fs2, ft3",,
000000008000423a,,a1:000003c60c3e89df,,fecb0593,1,"addi    a1, s6, -20",,
000000008000423e,,s7:fffffffffffff800,,80098b9b,1,"addiw   s7, s3, -2048",,
0000000080004242,,ft2:8000000000000000,,ca0ff14f,1,"fnmadd.d ft2, ft11, ft0, fs9",,
0000000080004246,,tp:0000000000000000,,0005f213,1,"andi    tp, a1, 0",,
000000008000424e,,t2:000000007ffed840,,01dbc3b3,1,"xor     t2, s7, t4",,
0000000080004252,,a5:ffffffffffffffff,,c03cf7d3,1,"fcvt.lu.s a5, fs9",,
0000000080004256,,a6:0000000000000000,,010dd833,1,"srl     a6, s11, a6",,
000000008000425a,,ra:fffffffffffffef5,,eb5ee093,1,"ori     ra, t4, -331",,
000000008000425e,,s3:0000000000000002,,0011899b,1,"addiw   s3, gp, 1",,
0000000080004262,,s10:0000000000001fff,,0330dd13,1,"srli    s10, ra, 51",,
0000000080004266,,ft6:7ff8000000000000,,1ba4f353,1,"fdiv.d  ft6, fs1, fs10",,
000000008000426a,,s11:fffffffffffffef5,,01b0cdb3,1,"xor     s11, ra, s11",,
0000000080004008,,s8:0000000080006008,,00002c17,3,"auipc   s8, 0x2",,
000000008000400c,,s8:00000000800060fa,,0f2c0c13,3,"addi    s8, s8, 242",,
0000000080004010,,ra:0000000080004014,,000c00e7,3,jalr    s8,,
00000000800060fa,,a5:000000008000426e,,341027f3,3,"csrrs   a5, mepc, zero",,
00000000800060fe,,a4:0000000000000002,,34202773,3,"csrrs   a4, mcause, zero",,
0000000080006102,,a3:0000000000000000,,142026f3,3,"csrrs   a3, scause, zero",,
0000000080006106,,a2:0000000000000a00,,30402673,3,"csrrs   a2, mie, zero",,
000000008000610a,,a1:0000000000000080,,344025f3,3,"csrrs   a1, mip, zero",,
000000008000610e,,a1:00000000c02067f3,,343025f3,3,"csrrs   a1, mtval, zero",,
0000000080006112,,a0:0000000000000004,,14302573,3,"csrrs   a0, stval, zero",,
0000000080006116,,s1:000000000000087d,,b02024f3,3,"csrrs   s1, minstret, zero",,
000000008000612e,,a5:0000000080004272,,00000791,3,"c.addi  a5, 4",,
0000000080004272,,ft10:7ff8000000000000,,2a138f53,1,"fmin.d  ft10, ft7, ft1",,
0000000080004276,,fa1:40bfff0000000000,,d21d05d3,1,"fcvt.d.wu fa1, s10",,
000000008000427a,,fa6:41e000084e400000,,d2178853,1,"fcvt.d.wu fa6, a5",,
000000008000427e,,a0:0000000000000003,,02ad6533,1,"rem     a0, s10, a0",,
0000000080004282,,t1:0000000000000000,,0185533b,1,"srlw    t1, a0, s8",,
0000000080004286,,a7:0000000000000000,,023308b3,1,"mul     a7, t1, gp",,
000000008000428a,,fs6:ffffffff00000000,,d0237b53,1,"fcvt.s.l fs6, t1",,
000000008000428e,,a4:0000000000000000,,02a3773b,1,"remuw   a4, t1, a0",,
0000000080004292,,s3:000000005ffffe9b,,032509bb,1,"mulw    s3, a0, s2",,
0000000080004296,,ft0:41d7ffffa6c00000,,d2098053,1,"fcvt.d.w ft0, s3",,
000000008000429a,,s0:0000000000000000,,40888433,1,"sub     s0, a7, s0",,
00000000800042a2,,s5:ffffffff00016232,,00fecab3,1,"xor     s5, t4, a5",,
00000000800042a6,,ft11:7ff8000000000000,,da8fffcb,1,"fnmsub.d ft11, ft11, fs0, fs11",,
00000000800042aa,,t0:000000001fffff89,,000082ca,1,"c.mv    t0, s2",,
00000000800042ac,,t4:0000000000000000,,03dadeb3,1,"divu    t4, s5, t4",,
00000000800042b2,,s7:0000000000000000,,01fc1b9b,1,"slliw   s7, s8, 31",,
00000000800042b6,,fa1:7ff8000000000000,,1a0ef5d3,1,"fdiv.d  fa1, ft9, ft0",,
00000000800042bc,,tp:0000000000000000,,40e8023b,1,"subw    tp, a6, a4",,
00000000800042c0,,fs4:41e0000802800000,,d230fa53,1,"fcvt.d.lu fs4, ra",,
00000000800042c4,,s4:00000000f146bdf3,,000a5a13,1,"srli    s4, s4, 0",,
00000000800042c8,,fs6:ffffffff4f000040,,d030fb53,1,"fcvt.s.lu fs6, ra",,
00000000800042cc,,t0:0000000000000000,,011042b3,1,"xor     t0, zero, a7",,
00000000800042d0,,a4:ffffffffffffffff,,0282c733,1,"div     a4, t0, s0",,
00000000800042d8,,ft3:c1d7ffffa6c00000,,0a09f1d3,1,"fsub.d  ft3, fs3, ft0",,
00000000800042dc,,a3:0000000000000000,,0006d69b,1,"srliw   a3, a3, 0",,
00000000800042e0,,a6:0000000000000000,,0238783b,1,"remuw   a6, a6, gp",,
00000000800042e4,,a5:0000000000000000,,4008579b,1,"sraiw   a5, a6, 0",,
00000000800042e8,,t1:ffffffffffffffff,,c0367353,1,"fcvt.lu.s t1, fa2",,
00000000800042ec,,ft5:40a4000000000000,,d22672d3,1,"fcvt.d.l ft5, a2",,
00000000800042f0,,s8:fffffffffffffffe,,fff30c13,1,"addi    s8, t1, -1",,
00000000800042f4,,gp:fffffffffffff5ff,,006641b3,1,"xor     gp, a2, t1",,
00000000800042f8,,a5:ffffffff00000000,,e20a87d3,1,"fmv.x.d a5, fs5",,
00000000800042fc,,s4:ffffffffffffffff,,c216fa53,1,"fcvt.wu.d s4, fa3",,
0000000080004300,,t3:0000000000000a00,,c222fe53,1,"fcvt.l.d t3, ft5",,
0000000080004304,,fa3:7ff8000000000000,,1abdf6cb,1,"fnmsub.d fa3, fs11, fa1, ft3",,
0000000080004008,,s8:0000000080006008,,00002c17,3,"auipc   s8, 0x2",,
000000008000400c,,s8:00000000800060fa,,0f2c0c13,3,"addi    s8, s8, 242",,
0000000080004010,,ra:0000000080004014,,000c00e7,3,jalr    s8,,
00000000800060fa,,a5:0000000080004308,,341027f3,3,"csrrs   a5, mepc, zero",,
00000000800060fe,,a4:0000000000000002,,34202773,3,"csrrs   a4, mcause, zero",,
0000000080006102,,a3:0000000000000000,,142026f3,3,"csrrs   a3, scause, zero",,
0000000080006106,,a2:0000000000000a00,,30402673,3,"csrrs   a2, mie, zero",,
000000008000610a,,a1:0000000000000080,,344025f3,3,"csrrs   a1, mip, zero",,
000000008000610e,,a1:00000000b820dc73,,343025f3,3,"csrrs   a1, mtval, zero",,
0000000080006112,,a0:0000000000000004,,14302573,3,"csrrs   a0, stval, zero",,
0000000080006116,,s1:00000000000008b4,,b02024f3,3,"csrrs   s1, minstret, zero",,
000000008000612e,,a5:000000008000430c,,00000791,3,"c.addi  a5, 4",,
000000008000430c,,fs10:fff8000000000000,,23a68d53,1,"fsgnj.d fs10, fa3, fs10",,
0000000080004310,,t1:00000000dd1c2310,,5d1be317,1,"auipc   t1, 0x5d1be",,
0000000080004314,,a5:0000000000000000,,002027f3,1,"csrrs   a5, frm, zero",,
0000000080004318,,fs5:8000000000000000,,2b610ad3,1,"fmin.d  fs5, ft2, fs6",,
000000008000431c,,a2:0000000000001400,,004c8633,1,"add     a2, s9, tp",,
0000000080004320,,fs11:ffffffff7fc00000,,40147dd3,1,"fcvt.s.d fs11, fs0",,
0000000080004328,,ft0:40b4000000000000,,d2367053,1,"fcvt.d.lu ft0, a2",,
000000008000432c,,tp:0000000000000000,,00202273,1,"csrrs   tp, frm, zero",,
0000000080004330,,ft11:7ff8000000000000,,1a057fd3,1,"fdiv.d  ft11, fa0, ft0",,
0000000080004334,,a1:0000000000000000,,a20d85d3,1,"fle.d   a1, fs11, ft0",,
0000000080004338,,s9:0000000000000000,,01fcdc9b,1,"srliw   s9, s9, 31",,
000000008000433c,,t0:0000000000da033c,,80d9c297,1,"auipc   t0, 0x80d9c",,
0000000080004340,,a4:00000000006d019e,,02e2d73b,1,"divuw   a4, t0, a4",,
0000000080004344,,sp:00000000006d019e,,00e77133,1,"and     sp, a4, a4",,
0000000080004348,,t4:0000000000000000,,03479e93,1,"slli    t4, a5, 52",,
000000008000434c,,a4:000000000000019e,,7ff77713,1,"andi    a4, a4, 2047",,
0000000080004350,,gp:0000000000000000,,037781bb,1,"mulw    gp, a5, s7",,
0000000080004354,,s11:0000000000000771,,77186d93,1,"ori     s11, a6, 1905",,
0000000080004358,,sp:0000000000000011,,00102173,1,"csrrs   sp, fflags, zero",,
000000008000435c,,ft4:41d7ffffa6c00000,,d239f253,1,"fcvt.d.lu ft4, s3",,
0000000080004360,,sp:000000007fffffff,,c208f153,1,"fcvt.w.d sp, fa7",,
0000000080004364,,s4:fffffffffffff88e,,014dca33,1,"xor     s4, s11, s4",,
0000000080004368,,fs11:7fffffff00000000,,2213add3,1,"fsgnjx.d fs11, ft7, ft1",,
0000000080004370,,ft5:7ff8000000000000,,0bff72c7,1,"fmsub.d ft5, ft10, ft11, ft1",,
0000000080004374,,tp:000000001fffff89,,00395233,1,"srl     tp, s2, gp",,
0000000080004378,,a1:0000000000000fff,,009a55b3,1,"srl     a1, s4, s1",,
000000008000437c,,fa6:7ff8000000000000,,1b787853,1,"fdiv.d  fa6, fa6, fs7",,
0000000080004380,,fa7:7ff8000000000000,,1a5f78cb,1,"fnmsub.d fa7, ft10, ft5, ft3",,
0000000080004384,,fs10:ffffffff7fc00000,,401d7d53,1,"fcvt.s.d fs10, fs10",,
000000008000438e,,s0:0000000000000000,,0285b433,1,"mulhu   s0, a1, s0",,
0000000080004392,,ft6:41a87d13e6000000,,d21b0353,1,"fcvt.d.wu ft6, s6",,
0000000080004396,,fs3:0000000000000000,,d21c89d3,1,"fcvt.d.wu fs3, s9",,
000000008000439a,,ft8:41a87d13e6000000,,23330e53,1,"fsgnj.d ft8, ft6, fs3",,
000000008000439e,,fs2:7ff8000000000000,,62fe7943,1,"fmadd.d fs2, ft8, fa5, fa2",,
00000000800043a2,,a3:0000000000000000,,4011d6bb,1,"sraw    a3, gp, ra",,
00000000800043a6,,s4:0000000000000000,,1881fa13,1,"andi    s4, gp, 392",,
0000000080004008,,s8:0000000080006008,,00002c17,3,"auipc   s8, 0x2",,
000000008000400c,,s8:00000000800060fa,,0f2c0c13,3,"addi    s8, s8, 242",,
0000000080004010,,ra:0000000080004014,,000c00e7,3,jalr    s8,,
00000000800060fa,,a5:00000000800043aa,,341027f3,3,"csrrs   a5, mepc, zero",,
00000000800060fe,,a4:0000000000000002,,34202773,3,"csrrs   a4, mcause, zero",,
0000000080006102,,a3:0000000000000000,,142026f3,3,"csrrs   a3, scause, zero",,
0000000080006106,,a2:0000000000000a00,,30402673,3,"csrrs   a2, mie, zero",,
000000008000610a,,a1:0000000000000080,,344025f3,3,"csrrs   a1, mip, zero",,
000000008000610e,,a1:0000000031073bf3,,343025f3,3,"csrrs   a1, mtval, zero",,
0000000080006112,,a0:0000000000000004,,14302573,3,"csrrs   a0, stval, zero",,
0000000080006116,,s1:00000000000008ec,,b02024f3,3,"csrrs   s1, minstret, zero",,
000000008000612e,,a5:00000000800043ae,,00000791,3,"c.addi  a5, 4",,
00000000800043ae,,a2:000000001fffff8b,,00e24633,1,"xor     a2, tp, a4",,
00000000800043b6,,t2:00000000000008ec,,0104e3b3,1,"or      t2, s1, a6",,
00000000800043ba,,s10:000003c60c3e8bf3,,01cb6d33,1,"or      s10, s6, t3",,
00000000800043be,,a3:0000000031073bf3,,02d5f6b3,1,"remu    a3, a1, a3",,
00000000800043c2,,t3:0000000000000000,,02ee1e33,1,"mulh    t3, t3, a4",,
00000000800043c6,,s1:ffffffffffff1200,,0092149b,1,"slliw   s1, tp, 9",,
00000000800043ca,,s0:ffffffff9fffbf77,,4016043b,1,"subw    s0, a2, ra",,
00000000800043ce,,ft1:7ff8000000000000,,420900d3,1,"fcvt.d.s ft1, fs2",,
00000000800043d2,,s0:0000000000000001,,01942433,1,"slt     s0, s0, s9",,
00000000800043d6,,fs1:fff8000000000000,,223784d3,1,"fsgnj.d fs1, fa5, ft3",,
00000000800043da,,s2:0000000000000000,,03f29913,1,"slli    s2, t0, 63",,
00000000800043de,,s2:ffffffffffffffff,,c21f7953,1,"fcvt.wu.d s2, ft10",,
00000000800043e2,,tp:ffe0000000000000,,03591213,1,"slli    tp, s2, 53",,
00000000800043e6,,s8:001fffffffffffff,,01224c33,1,"xor     s8, tp, s2",,
00000000800043ea,,s1:0000000000000000,,024ee4bb,1,"remw    s1, t4, tp",,
00000000800043f2,,t1:0000000000000000,,030ce33b,1,"remw    t1, s9, a6",,
00000000800043f6,,t3:0000000000000000,,00279e73,1,"csrrw   t3, frm, a5",,
00000000800043fa,,a6:fff8000000000000,,e2048853,1,"fmv.x.d a6, fs1",,
0000000080004008,,s8:0000000080006008,,00002c17,3,"auipc   s8, 0x2",,
000000008000400c,,s8:00000000800060fa,,0f2c0c13,3,"addi    s8, s8, 242",,
0000000080004010,,ra:0000000080004014,,000c00e7,3,jalr    s8,,
00000000800060fa,,a5:00000000800043fe,,341027f3,3,"csrrs   a5, mepc, zero",,
00000000800060fe,,a4:0000000000000002,,34202773,3,"csrrs   a4, mcause, zero",,
0000000080006102,,a3:0000000000000000,,142026f3,3,"csrrs   a3, scause, zero",,
0000000080006106,,a2:0000000000000a00,,30402673,3,"csrrs   a2, mie, zero",,
000000008000610a,,a1:0000000000000080,,344025f3,3,"csrrs   a1, mip, zero",,
000000008000610e,,a1:000000005a0df553,,343025f3,3,"csrrs   a1, mtval, zero",,
0000000080006112,,a0:0000000000000004,,14302573,3,"csrrs   a0, stval, zero",,
0000000080006116,,s1:0000000000000910,,b02024f3,3,"csrrs   s1, minstret, zero",,
000000008000612e,,a5:0000000080004402,,00000791,3,"c.addi  a5, 4",,
0000000080004402,,t2:0000000000000000,,a36103d3,1,"fle.d   t2, ft2, fs6",,
0000000080004406,,gp:0000000000000451,,451e019b,1,"addiw   gp, t3, 1105",,
0000000080004008,,s8:0000000080006008,,00002c17,3,"auipc   s8, 0x2",,
000000008000400c,,s8:00000000800060fa,,0f2c0c13,3,"addi    s8, s8, 242",,
0000000080004010,,ra:0000000080004014,,000c00e7,3,jalr    s8,,
00000000800060fa,,a5:000000008000440a,,341027f3,3,"csrrs   a5, mepc, zero",,
00000000800060fe,,a4:0000000000000002,,34202773,3,"csrrs   a4, mcause, zero",,
0000000080006102,,a3:0000000000000000,,142026f3,3,"csrrs   a3, scause, zero",,
0000000080006106,,a2:0000000000000a00,,30402673,3,"csrrs   a2, mie, zero",,
000000008000610a,,a1:0000000000000080,,344025f3,3,"csrrs   a1, mip, zero",,
000000008000610e,,a1:00000000c0257253,,343025f3,3,"csrrs   a1, mtval, zero",,
0000000080006112,,a0:0000000000000004,,14302573,3,"csrrs   a0, stval, zero",,
0000000080006116,,s1:0000000000000922,,b02024f3,3,"csrrs   s1, minstret, zero",,
000000008000612e,,a5:000000008000440e,,00000791,3,"c.addi  a5, 4",,
000000008000440e,,t4:000003c60c3e89f3,,007b4eb3,1,"xor     t4, s6, t2",,
0000000080004008,,s8:0000000080006008,,00002c17,3,"auipc   s8, 0x2",,
000000008000400c,,s8:00000000800060fa,,0f2c0c13,3,"addi    s8, s8, 242",,
0000000080004010,,ra:0000000080004014,,000c00e7,3,jalr    s8,,
00000000800060fa,,a5:0000000080004412,,341027f3,3,"csrrs   a5, mepc, zero",,
00000000800060fe,,a4:0000000000000002,,34202773,3,"csrrs   a4, mcause, zero",,
0000000080006102,,a3:0000000000000000,,142026f3,3,"csrrs   a3, scause, zero",,
0000000080006106,,a2:0000000000000a00,,30402673,3,"csrrs   a2, mie, zero",,
000000008000610a,,a1:0000000000000080,,344025f3,3,"csrrs   a1, mip, zero",,
000000008000610e,,a1:00000000c2297bd3,,343025f3,3,"csrrs   a1, mtval, zero",,
0000000080006112,,a0:0000000000000004,,14302573,3,"csrrs   a0, stval, zero",,
0000000080006116,,s1:0000000000000933,,b02024f3,3,"csrrs   s1, minstret, zero",,
000000008000612e,,a5:0000000080004416,,00000791,3,"c.addi  a5, 4",,
0000000080004008,,s8:0000000080006008,,00002c17,3,"auipc   s8, 0x2",,
000000008000400c,,s8:00000000800060fa,,0f2c0c13,3,"addi    s8, s8, 242",,
0000000080004010,,ra:0000000080004014,,000c00e7,3,jalr    s8,,
00000000800060fa,,a5:0000000080004416,,341027f3,3,"csrrs   a5, mepc, zero",,
00000000800060fe,,a4:0000000000000002,,34202773,3,"csrrs   a4, mcause, zero",,
0000000080006102,,a3:0000000000000000,,142026f3,3,"csrrs   a3, scause, zero",,
0000000080006106,,a2:0000000000000a00,,30402673,3,"csrrs   a2, mie, zero",,
000000008000610a,,a1:0000000000000080,,344025f3,3,"csrrs   a1, mip, zero",,
000000008000610e,,a1:00000000dab9774b,,343025f3,3,"csrrs   a1, mtval, zero",,
0000000080006112,,a0:0000000000000004,,14302573,3,"csrrs   a0, stval, zero",,
0000000080006116,,s1:0000000000000943,,b02024f3,3,"csrrs   s1, minstret, zero",,
000000008000612e,,a5:000000008000441a,,00000791,3,"c.addi  a5, 4",,
0000000080004008,,s8:0000000080006008,,00002c17,3,"auipc   s8, 0x2",,
000000008000400c,,s8:00000000800060fa,,0f2c0c13,3,"addi    s8, s8, 242",,
0000000080004010,,ra:0000000080004014,,000c00e7,3,jalr    s8,,
00000000800060fa,,a5:000000008000441a,,341027f3,3,"csrrs   a5, mepc, zero",,
00000000800060fe,,a4:0000000000000002,,34202773,3,"csrrs   a4, mcause, zero",,
0000000080006102,,a3:0000000000000000,,142026f3,3,"csrrs   a3, scause, zero",,
0000000080006106,,a2:0000000000000a00,,30402673,3,"csrrs   a2, mie, zero",,
000000008000610a,,a1:0000000000000080,,344025f3,3,"csrrs   a1, mip, zero",,
000000008000610e,,a1:000000001bd57953,,343025f3,3,"csrrs   a1, mtval, zero",,
0000000080006112,,a0:0000000000000004,,14302573,3,"csrrs   a0, stval, zero",,
0000000080006116,,s1:0000000000000953,,b02024f3,3,"csrrs   s1, minstret, zero",,
000000008000612e,,a5:000000008000441e,,00000791,3,"c.addi  a5, 4",,
0000000080004008,,s8:0000000080006008,,00002c17,3,"auipc   s8, 0x2",,
000000008000400c,,s8:00000000800060fa,,0f2c0c13,3,"addi    s8, s8, 242",,
0000000080004010,,ra:0000000080004014,,000c00e7,3,jalr    s8,,
00000000800060fa,,a5:000000008000441e,,341027f3,3,"csrrs   a5, mepc, zero",,
00000000800060fe,,a4:0000000000000002,,34202773,3,"csrrs   a4, mcause, zero",,
0000000080006102,,a3:0000000000000000,,142026f3,3,"csrrs   a3, scause, zero",,
0000000080006106,,a2:0000000000000a00,,30402673,3,"csrrs   a2, mie, zero",,
000000008000610a,,a1:0000000000000080,,344025f3,3,"csrrs   a1, mip, zero",,
000000008000610e,,a1:000000006bfaf0cb,,343025f3,3,"csrrs   a1, mtval, zero",,
0000000080006112,,a0:0000000000000004,,14302573,3,"csrrs   a0, stval, zero",,
0000000080006116,,s1:0000000000000963,,b02024f3,3,"csrrs   s1, minstret, zero",,
000000008000612e,,a5:0000000080004422,,00000791,3,"c.addi  a5, 4",,
0000000080004008,,s8:0000000080006008,,00002c17,3,"auipc   s8, 0x2",,
000000008000400c,,s8:00000000800060fa,,0f2c0c13,3,"addi    s8, s8, 242",,
0000000080004010,,ra:0000000080004014,,000c00e7,3,jalr    s8,,
00000000800060fa,,a5:0000000080004422,,341027f3,3,"csrrs   a5, mepc, zero",,
00000000800060fe,,a4:0000000000000002,,34202773,3,"csrrs   a4, mcause, zero",,
0000000080006102,,a3:0000000000000000,,142026f3,3,"csrrs   a3, scause, zero",,
0000000080006106,,a2:0000000000000a00,,30402673,3,"csrrs   a2, mie, zero",,
000000008000610a,,a1:0000000000000080,,344025f3,3,"csrrs   a1, mip, zero",,
000000008000610e,,a1:00000000c20972d3,,343025f3,3,"csrrs   a1, mtval, zero",,
0000000080006112,,a0:0000000000000004,,14302573,3,"csrrs   a0, stval, zero",,
0000000080006116,,s1:0000000000000973,,b02024f3,3,"csrrs   s1, minstret, zero",,
000000008000612e,,a5:0000000080004426,,00000791,3,"c.addi  a5, 4",,
0000000080004426,,fs10:0000000000000000,,d2188d53,1,"fcvt.d.wu fs10, a7",,
000000008000442a,,ft8:0000000000da033c,,f2028e53,1,"fmv.d.x ft8, t0",,
000000008000442e,,fs7:fff8000000000000,,228b8bd3,1,"fsgnj.d fs7, fs7, fs0",,
0000000080004432,,a4:0000000000000344,,34674713,1,"xori    a4, a4, 838",,
0000000080004436,,s9:0000000000000688,,00171c9b,1,"slliw   s9, a4, 1",,
000000008000443a,,ft11:4010000000000000,,d2050fd3,1,"fcvt.d.w ft11, a0",,
000000008000443e,,s6:0000000000000000,,02173b33,1,"mulhu   s6, a4, ra",,
0000000080004008,,s8:0000000080006008,,00002c17,3,"auipc   s8, 0x2",,
000000008000400c,,s8:00000000800060fa,,0f2c0c13,3,"addi    s8, s8, 242",,
0000000080004010,,ra:0000000080004014,,000c00e7,3,jalr    s8,,
00000000800060fa,,a5:0000000080004442,,341027f3,3,"csrrs   a5, mepc, zero",,
00000000800060fe,,a4:0000000000000002,,34202773,3,"csrrs   a4, mcause, zero",,
0000000080006102,,a3:0000000000000000,,142026f3,3,"csrrs   a3, scause, zero",,
0000000080006106,,a2:0000000000000a00,,30402673,3,"csrrs   a2, mie, zero",,
000000008000610a,,a1:0000000000000080,,344025f3,3,"csrrs   a1, mip, zero",,
000000008000610e,,a1:00000000c0287ad3,,343025f3,3,"csrrs   a1, mtval, zero",,
0000000080006112,,a0:0000000000000004,,14302573,3,"csrrs   a0, stval, zero",,
0000000080006116,,s1:000000000000098a,,b02024f3,3,"csrrs   s1, minstret, zero",,
000000008000612e,,a5:0000000080004446,,00000791,3,"c.addi  a5, 4",,
0000000080004446,,a0:ffffffff00016232,,400ad513,1,"srai    a0, s5, 0",,
000000008000444e,,a5:000000005ffffe9b,,4149d7bb,1,"sraw    a5, s3, s4",,
0000000080004008,,s8:0000000080006008,,00002c17,3,"auipc   s8, 0x2",,
000000008000400c,,s8:00000000800060fa,,0f2c0c13,3,"addi    s8, s8, 242",,
0000000080004010,,ra:0000000080004014,,000c00e7,3,jalr    s8,,
00000000800060fa,,a5:0000000080004452,,341027f3,3,"csrrs   a5, mepc, zero",,
00000000800060fe,,a4:0000000000000002,,34202773,3,"csrrs   a4, mcause, zero",,
0000000080006102,,a3:0000000000000000,,142026f3,3,"csrrs   a3, scause, zero",,
0000000080006106,,a2:0000000000000a00,,30402673,3,"csrrs   a2, mie, zero",,
000000008000610a,,a1:0000000000000080,,344025f3,3,"csrrs   a1, mip, zero",,
000000008000610e,,a1:000000001b67f74f,,343025f3,3,"csrrs   a1, mtval, zero",,
0000000080006112,,a0:0000000000000004,,14302573,3,"csrrs   a0, stval, zero",,
0000000080006116,,s1:000000000000099d,,b02024f3,3,"csrrs   s1, minstret, zero",,
000000008000612e,,a5:0000000080004456,,00000791,3,"c.addi  a5, 4",,
0000000080004456,,s2:000000007fffffff,,0001591b,1,"srliw   s2, sp, 0",,
000000008000445a,,s5:ffffffff80000003,,40270abb,1,"subw    s5, a4, sp",,
000000008000445e,,t4:0000000000000000,,01b4debb,1,"srlw    t4, s1, s11",,
0000000080004462,,s6:0000000000000000,,a2dd0b53,1,"fle.d   s6, fs10, fa3",,
0000000080004466,,a4:000000001c1f0000,,1c1f0737,1,"lui     a4, 0x1c1f0",,
000000008000446a,,s3:0000000000000000,,02e6e9bb,1,"remw    s3, a3, a4",,
000000008000446e,,fa5:41a87d13e6000000,,2ab307d3,1,"fmin.d  fa5, ft6, fa1",,
0000000080004476,,fs7:4091440000000000,,d2018bd3,1,"fcvt.d.w fs7, gp",,
000000008000447a,,s10:0000000000000000,,01742d33,1,"slt     s10, s0, s7",,
000000008000447e,,a7:0000000000000000,,7ff63893,1,"sltiu   a7, a2, 2047",,
0000000080004008,,s8:0000000080006008,,00002c17,3,"auipc   s8, 0x2",,
000000008000400c,,s8:00000000800060fa,,0f2c0c13,3,"addi    s8, s8, 242",,
0000000080004010,,ra:0000000080004014,,000c00e7,3,jalr    s8,,
00000000800060fa,,a5:0000000080004482,,341027f3,3,"csrrs   a5, mepc, zero",,
00000000800060fe,,a4:0000000000000002,,34202773,3,"csrrs   a4, mcause, zero",,
0000000080006102,,a3:0000000000000000,,142026f3,3,"csrrs   a3, scause, zero",,
0000000080006106,,a2:0000000000000a00,,30402673,3,"csrrs   a2, mie, zero",,
000000008000610a,,a1:0000000000000080,,344025f3,3,"csrrs   a1, mip, zero",,
000000008000610e,,a1:000000007b0c2ef3,,343025f3,3,"csrrs   a1, mtval, zero",,
0000000080006112,,a0:0000000000000004,,14302573,3,"csrrs   a0, stval, zero",,
0000000080006116,,s1:00000000000009b8,,b02024f3,3,"csrrs   s1, minstret, zero",,
000000008000612e,,a5:0000000080004486,,00000791,3,"c.addi  a5, 4",,
0000000080004008,,s8:0000000080006008,,00002c17,3,"auipc   s8, 0x2",,
000000008000400c,,s8:00000000800060fa,,0f2c0c13,3,"addi    s8, s8, 242",,
0000000080004010,,ra:0000000080004014,,000c00e7,3,jalr    s8,,
00000000800060fa,,a5:0000000080004486,,341027f3,3,"csrrs   a5, mepc, zero",,
00000000800060fe,,a4:0000000000000002,,34202773,3,"csrrs   a4, mcause, zero",,
0000000080006102,,a3:0000000000000000,,142026f3,3,"csrrs   a3, scause, zero",,
0000000080006106,,a2:0000000000000a00,,30402673,3,"csrrs   a2, mie, zero",,
000000008000610a,,a1:0000000000000080,,344025f3,3,"csrrs   a1, mip, zero",,
000000008000610e,,a1:00000000523278cf,,343025f3,3,"csrrs   a1, mtval, zero",,
0000000080006112,,a0:0000000000000004,,14302573,3,"csrrs   a0, stval, zero",,
0000000080006116,,s1:00000000000009c8,,b02024f3,3,"csrrs   s1, minstret, zero",,
000000008000612e,,a5:000000008000448a,,00000791,3,"c.addi  a5, 4",,
0000000080004008,,s8:0000000080006008,,00002c17,3,"auipc   s8, 0x2",,
000000008000400c,,s8:00000000800060fa,,0f2c0c13,3,"addi    s8, s8, 242",,
0000000080004010,,ra:0000000080004014,,000c00e7,3,jalr    s8,,
00000000800060fa,,a5:000000008000448a,,341027f3,3,"csrrs   a5, mepc, zero",,
00000000800060fe,,a4:0000000000000002,,34202773,3,"csrrs   a4, mcause, zero",,
0000000080006102,,a3:0000000000000000,,142026f3,3,"csrrs   a3, scause, zero",,
0000000080006106,,a2:0000000000000a00,,30402673,3,"csrrs   a2, mie, zero",,
000000008000610a,,a1:0000000000000080,,344025f3,3,"csrrs   a1, mip, zero",,
000000008000610e,,a1:000000005a047ed3,,343025f3,3,"csrrs   a1, mtval, zero",,
0000000080006112,,a0:0000000000000004,,14302573,3,"csrrs   a0, stval, zero",,
0000000080006116,,s1:00000000000009d8,,b02024f3,3,"csrrs   s1, minstret, zero",,
000000008000612e,,a5:000000008000448e,,00000791,3,"c.addi  a5, 4",,
000000008000448e,,t3:0000000000000000,,03799e13,1,"slli    t3, s3, 55",,
0000000080004492,,s8:0000000000000000,,03b6cc3b,1,"divw    s8, a3, s11",,
0000000080004496,,s3:0000000000000000,,002c99bb,1,"sllw    s3, s9, sp",,
0000000080004008,,s8:0000000080006008,,00002c17,3,"auipc   s8, 0x2",,
000000008000400c,,s8:00000000800060fa,,0f2c0c13,3,"addi    s8, s8, 242",,
0000000080004010,,ra:0000000080004014,,000c00e7,3,jalr    s8,,
00000000800060fa,,a5:000000008000449a,,341027f3,3,"csrrs   a5, mepc, zero",,
00000000800060fe,,a4:0000000000000002,,34202773,3,"csrrs   a4, mcause, zero",,
0000000080006102,,a3:0000000000000000,,142026f3,3,"csrrs   a3, scause, zero",,
0000000080006106,,a2:0000000000000a00,,30402673,3,"csrrs   a2, mie, zero",,
000000008000610a,,a1:0000000000000080,,344025f3,3,"csrrs   a1, mip, zero",,
000000008000610e,,a1:00000000eb7bf643,,343025f3,3,"csrrs   a1, mtval, zero",,
0000000080006112,,a0:0000000000000004,,14302573,3,"csrrs   a0, stval, zero",,
0000000080006116,,s1:00000000000009eb,,b02024f3,3,"csrrs   s1, minstret, zero",,
000000008000612e,,a5:000000008000449e,,00000791,3,"c.addi  a5, 4",,
000000008000449e,,a5:00224f0000000000,,0000179e,1,"c.slli  a5, 39",,
00000000800044a0,,a2:0000000000f14000,,00f14637,1,"lui     a2, 0xf14",,
00000000800044a4,,a2:0000000000f1385b,,85b6061b,1,"addiw   a2, a2, -1957",,
00000000800044a8,,a2:0000001e270b6000,,00000636,1,"c.slli  a2, 13",,
00000000800044aa,,a2:0000001e270b5da2,,da260613,1,"addi    a2, a2, -606",,
0000000080004008,,s8:0000000080006008,,00002c17,3,"auipc   s8, 0x2",,
000000008000400c,,s8:00000000800060fa,,0f2c0c13,3,"addi    s8, s8, 242",,
0000000080004010,,ra:0000000080004014,,000c00e7,3,jalr    s8,,
00000000800060fa,,a5:00000000800044ae,,341027f3,3,"csrrs   a5, mepc, zero",,
00000000800060fe,,a4:0000000000000002,,34202773,3,"csrrs   a4, mcause, zero",,
0000000080006102,,a3:0000000000000000,,142026f3,3,"csrrs   a3, scause, zero",,
0000000080006106,,a2:0000000000000a00,,30402673,3,"csrrs   a2, mie, zero",,
000000008000610a,,a1:0000000000000080,,344025f3,3,"csrrs   a1, mip, zero",,
000000008000610e,,a1:00000000d239f553,,343025f3,3,"csrrs   a1, mtval, zero",,
0000000080006112,,a0:0000000000000004,,14302573,3,"csrrs   a0, stval, zero",,
0000000080006116,,s1:0000000000000a00,,b02024f3,3,"csrrs   s1, minstret, zero",,
000000008000612e,,a5:00000000800044b2,,00000791,3,"c.addi  a5, 4",,
00000000800044b2,,s10:0000000000000000,,02c25d3b,1,"divuw   s10, tp, a2",,
00000000800044b6,,s5:0000000000002000,,00fc5abb,1,"srlw    s5, s8, a5",,
0000000080004008,,s8:0000000080006008,,00002c17,3,"auipc   s8, 0x2",,
000000008000400c,,s8:00000000800060fa,,0f2c0c13,3,"addi    s8, s8, 242",,
0000000080004010,,ra:0000000080004014,,000c00e7,3,jalr    s8,,
00000000800060fa,,a5:00000000800044ba,,341027f3,3,"csrrs   a5, mepc, zero",,
00000000800060fe,,a4:0000000000000002,,34202773,3,"csrrs   a4, mcause, zero",,
0000000080006102,,a3:0000000000000000,,142026f3,3,"csrrs   a3, scause, zero",,
0000000080006106,,a2:0000000000000a00,,30402673,3,"csrrs   a2, mie, zero",,
000000008000610a,,a1:0000000000000080,,344025f3,3,"csrrs   a1, mip, zero",,
000000008000610e,,a1:00000000747ffbf3,,343025f3,3,"csrrs   a1, mtval, zero",,
0000000080006112,,a0:0000000000000004,,14302573,3,"csrrs   a0, stval, zero",,
0000000080006116,,s1:0000000000000a12,,b02024f3,3,"csrrs   s1, minstret, zero",,
000000008000612e,,a5:00000000800044be,,00000791,3,"c.addi  a5, 4",,
00000000800044be,,s4:0000000000000000,,a2840a53,1,"fle.d   s4, fs0, fs0",,
00000000800044c2,,s6:000000007fffffff,,01515b3b,1,"srlw    s6, sp, s5",,
0000000080004008,,s8:0000000080006008,,00002c17,3,"auipc   s8, 0x2",,
000000008000400c,,s8:00000000800060fa,,0f2c0c13,3,"addi    s8, s8, 242",,
0000000080004010,,ra:0000000080004014,,000c00e7,3,jalr    s8,,
00000000800060fa,,a5:00000000800044c6,,341027f3,3,"csrrs   a5, mepc, zero",,
00000000800060fe,,a4:0000000000000002,,34202773,3,"csrrs   a4, mcause, zero",,
0000000080006102,,a3:0000000000000000,,142026f3,3,"csrrs   a3, scause, zero",,
0000000080006106,,a2:0000000000000a00,,30402673,3,"csrrs   a2, mie, zero",,
000000008000610a,,a1:0000000000000080,,344025f3,3,"csrrs   a1, mip, zero",,
000000008000610e,,a1:00000000c02cfd53,,343025f3,3,"csrrs   a1, mtval, zero",,
0000000080006112,,a0:0000000000000004,,14302573,3,"csrrs   a0, stval, zero",,
0000000080006116,,s1:0000000000000a24,,b02024f3,3,"csrrs   s1, minstret, zero",,
000000008000612e,,a5:00000000800044ca,,00000791,3,"c.addi  a5, 4",,
00000000800044ca,,a4:0000000000000000,,ffc8f713,1,"andi    a4, a7, -4",,
00000000800044ce,,t4:0000000000000000,,01f75e9b,1,"srliw   t4, a4, 31",,
00000000800044d2,,ft8:7ff8000000000000,,226c0e53,1,"fsgnj.d ft8, fs8, ft6",,
00000000800044d6,,s0:0000000000000000,,400a541b,1,"sraiw   s0, s4, 0",,
00000000800044da,,t2:0000000000000000,,015393b3,1,"sll     t2, t2, s5",,
00000000800044de,,s10:000000006a10a000,,6a10ad37,1,"lui     s10, 0x6a10a",,
00000000800044e2,,s8:000000008000639d,,2a3c0c13,1,"addi    s8, s8, 675",,
00000000800044e6,,s1:0000000000000000,,00d6f4b3,1,"and     s1, a3, a3",,
00000000800044ea,,s10:0000000000000000,,7ff6fd13,1,"andi    s10, a3, 2047",,
00000000800044ee,,s0:0000000000000000,,03a40433,1,"mul     s0, s0, s10",,
00000000800044f2,,fs10:8000000000000000,,224d1d53,1,"fsgnjn.d fs10, fs10, ft4",,
00000000800044f6,,tp:fffffff000000000,,41125213,1,"srai    tp, tp, 17",,
0000000080004008,,s8:0000000080006008,,00002c17,3,"auipc   s8, 0x2",,
000000008000400c,,s8:00000000800060fa,,0f2c0c13,3,"addi    s8, s8, 242",,
0000000080004010,,ra:0000000080004014,,000c00e7,3,jalr    s8,,
00000000800060fa,,a5:00000000800044fa,,341027f3,3,"csrrs   a5, mepc, zero",,
00000000800060fe,,a4:0000000000000002,,34202773,3,"csrrs   a4, mcause, zero",,
0000000080006102,,a3:0000000000000000,,142026f3,3,"csrrs   a3, scause, zero",,
0000000080006106,,a2:0000000000000a00,,30402673,3,"csrrs   a2, mie, zero",,
000000008000610a,,a1:0000000000000080,,344025f3,3,"csrrs   a1, mip, zero",,
000000008000610e,,a1:00000000c222f053,,343025f3,3,"csrrs   a1, mtval, zero",,
0000000080006112,,a0:0000000000000004,,14302573,3,"csrrs   a0, stval, zero",,
0000000080006116,,s1:0000000000000a40,,b02024f3,3,"csrrs   s1, minstret, zero",,
000000008000612e,,a5:00000000800044fe,,00000791,3,"c.addi  a5, 4",,
0000000080004500,,a0:0000000000000000,,02501513,1,"slli    a0, zero, 37",,
0000000080004504,,s5:00000000e0dc4504,,60dc0a97,1,"auipc   s5, 0x60dc0",,
0000000080004508,,tp:fffffffffffff94b,,94b26213,1,"ori     tp, tp, -1717",,
000000008000450c,,t2:00000000000000a4,,0154d3bb,1,"srlw    t2, s1, s5",,
0000000080004510,,a6:0000000000000000,,01ce7833,1,"and     a6, t3, t3",,
0000000080004008,,s8:0000000080006008,,00002c17,3,"auipc   s8, 0x2",,
000000008000400c,,s8:00000000800060fa,,0f2c0c13,3,"addi    s8, s8, 242",,
0000000080004010,,ra:0000000080004014,,000c00e7,3,jalr    s8,,
00000000800060fa,,a5:0000000080004514,,341027f3,3,"csrrs   a5, mepc, zero",,
00000000800060fe,,a4:0000000000000002,,34202773,3,"csrrs   a4, mcause, zero",,
0000000080006102,,a3:0000000000000000,,142026f3,3,"csrrs   a3, scause, zero",,
0000000080006106,,a2:0000000000000a00,,30402673,3,"csrrs   a2, mie, zero",,
000000008000610a,,a1:0000000000000080,,344025f3,3,"csrrs   a1, mip, zero",,
000000008000610e,,a1:00000000f1409173,,343025f3,3,"csrrs   a1, mtval, zero",,
0000000080006112,,a0:0000000000000004,,14302573,3,"csrrs   a0, stval, zero",,
0000000080006116,,s1:0000000000000a56,,b02024f3,3,"csrrs   s1, minstret, zero",,
000000008000612e,,a5:0000000080004518,,00000791,3,"c.addi  a5, 4",,
0000000080004518,,ft11:4010000000000000,,2bf00fd3,1,"fmin.d  ft11, ft0, ft11",,
000000008000451c,,ra:000000003340551c,,b3401097,1,"auipc   ra, 0xb3401",,
0000000080004520,,s4:0000000000000000,,030a0a3b,1,"mulw    s4, s4, a6",,
0000000080004524,,t2:fffffffffffffffe,,40e683bb,1,"subw    t2, a3, a4",,
0000000080004528,,a7:0000000000000011,,001028f3,1,"csrrs   a7, fflags, zero",,
000000008000452c,,sp:000000003340551c,,01709133,1,"sll     sp, ra, s7",,
0000000080004008,,s8:0000000080006008,,00002c17,3,"auipc   s8, 0x2",,
000000008000400c,,s8:00000000800060fa,,0f2c0c13,3,"addi    s8, s8, 242",,
0000000080004010,,ra:0000000080004014,,000c00e7,3,jalr    s8,,
00000000800060fa,,a5:0000000080004530,,341027f3,3,"csrrs   a5, mepc, zero",,
00000000800060fe,,a4:0000000000000002,,34202773,3,"csrrs   a4, mcause, zero",,
0000000080006102,,a3:0000000000000000,,142026f3,3,"csrrs   a3, scause, zero",,
0000000080006106,,a2:0000000000000a00,,30402673,3,"csrrs   a2, mie, zero",,
000000008000610a,,a1:0000000000000080,,344025f3,3,"csrrs   a1, mip, zero",,
000000008000610e,,a1:00000000c02dfa53,,343025f3,3,"csrrs   a1, mtval, zero",,
0000000080006112,,a0:0000000000000004,,14302573,3,"csrrs   a0, stval, zero",,
0000000080006116,,s1:0000000000000a6c,,b02024f3,3,"csrrs   s1, minstret, zero",,
000000008000612e,,a5:0000000080004534,,00000791,3,"c.addi  a5, 4",,
0000000080004008,,s8:0000000080006008,,00002c17,3,"auipc   s8, 0x2",,
000000008000400c,,s8:00000000800060fa,,0f2c0c13,3,"addi    s8, s8, 242",,
0000000080004010,,ra:0000000080004014,,000c00e7,3,jalr    s8,,
00000000800060fa,,a5:0000000080004534,,341027f3,3,"csrrs   a5, mepc, zero",,
00000000800060fe,,a4:0000000000000002,,34202773,3,"csrrs   a4, mcause, zero",,
0000000080006102,,a3:0000000000000000,,142026f3,3,"csrrs   a3, scause, zero",,
0000000080006106,,a2:0000000000000a00,,30402673,3,"csrrs   a2, mie, zero",,
000000008000610a,,a1:0000000000000080,,344025f3,3,"csrrs   a1, mip, zero",,
000000008000610e,,a1:000000005a0f7753,,343025f3,3,"csrrs   a1, mtval, zero",,
0000000080006112,,a0:0000000000000004,,14302573,3,"csrrs   a0, stval, zero",,
0000000080006116,,s1:0000000000000a7c,,b02024f3,3,"csrrs   s1, minstret, zero",,
000000008000612e,,a5:0000000080004538,,00000791,3,"c.addi  a5, 4",,
0000000080004008,,s8:0000000080006008,,00002c17,3,"auipc   s8, 0x2",,
000000008000400c,,s8:00000000800060fa,,0f2c0c13,3,"addi    s8, s8, 242",,
0000000080004010,,ra:0000000080004014,,000c00e7,3,jalr    s8,,
00000000800060fa,,a5:0000000080004538,,341027f3,3,"csrrs   a5, mepc, zero",,
00000000800060fe,,a4:0000000000000002,,34202773,3,"csrrs   a4, mcause, zero",,
0000000080006102,,a3:0000000000000000,,142026f3,3,"csrrs   a3, scause, zero",,
0000000080006106,,a2:0000000000000a00,,30402673,3,"csrrs   a2, mie, zero",,
000000008000610a,,a1:0000000000000080,,344025f3,3,"csrrs   a1, mip, zero",,
000000008000610e,,a1:00000000d23d72d3,,343025f3,3,"csrrs   a1, mtval, zero",,
0000000080006112,,a0:0000000000000004,,14302573,3,"csrrs   a0, stval, zero",,
0000000080006116,,s1:0000000000000a8c,,b02024f3,3,"csrrs   s1, minstret, zero",,
000000008000612e,,a5:000000008000453c,,00000791,3,"c.addi  a5, 4",,
0000000080004008,,s8:0000000080006008,,00002c17,3,"auipc   s8, 0x2",,
000000008000400c,,s8:00000000800060fa,,0f2c0c13,3,"addi    s8, s8, 242",,
0000000080004010,,ra:0000000080004014,,000c00e7,3,jalr    s8,,
00000000800060fa,,a5:000000008000453c,,341027f3,3,"csrrs   a5, mepc, zero",,
00000000800060fe,,a4:0000000000000002,,34202773,3,"csrrs   a4, mcause, zero",,
0000000080006102,,a3:0000000000000000,,142026f3,3,"csrrs   a3, scause, zero",,
0000000080006106,,a2:0000000000000a00,,30402673,3,"csrrs   a2, mie, zero",,
000000008000610a,,a1:0000000000000080,,344025f3,3,"csrrs   a1, mip, zero",,
000000008000610e,,a1:00000000c21dfc47,,343025f3,3,"csrrs   a1, mtval, zero",,
0000000080006112,,a0:0000000000000004,,14302573,3,"csrrs   a0, stval, zero",,
0000000080006116,,s1:0000000000000a9c,,b02024f3,3,"csrrs   s1, minstret, zero",,
000000008000612e,,a5:0000000080004540,,00000791,3,"c.addi  a5, 4",,
0000000080004540,,a5:fffffffffffff800,,800ec793,1,"xori    a5, t4, -2048",,
0000000080004008,,s8:0000000080006008,,00002c17,3,"auipc   s8, 0x2",,
000000008000400c,,s8:00000000800060fa,,0f2c0c13,3,"addi    s8, s8, 242",,
0000000080004010,,ra:0000000080004014,,000c00e7,3,jalr    s8,,
00000000800060fa,,a5:0000000080004544,,341027f3,3,"csrrs   a5, mepc, zero",,
00000000800060fe,,a4:0000000000000002,,34202773,3,"csrrs   a4, mcause, zero",,
0000000080006102,,a3:0000000000000000,,142026f3,3,"csrrs   a3, scause, zero",,
0000000080006106,,a2:0000000000000a00,,30402673,3,"csrrs   a2, mie, zero",,
000000008000610a,,a1:0000000000000080,,344025f3,3,"csrrs   a1, mip, zero",,
000000008000610e,,a1:00000000c2d6f3cb,,343025f3,3,"csrrs   a1, mtval, zero",,
0000000080006112,,a0:0000000000000004,,14302573,3,"csrrs   a0, stval, zero",,
0000000080006116,,s1:0000000000000aad,,b02024f3,3,"csrrs   s1, minstret, zero",,
000000008000612e,,a5:0000000080004548,,00000791,3,"c.addi  a5, 4",,
0000000080004008,,s8:0000000080006008,,00002c17,3,"auipc   s8, 0x2",,
000000008000400c,,s8:00000000800060fa,,0f2c0c13,3,"addi    s8, s8, 242",,
0000000080004010,,ra:0000000080004014,,000c00e7,3,jalr    s8,,
00000000800060fa,,a5:0000000080004548,,341027f3,3,"csrrs   a5, mepc, zero",,
00000000800060fe,,a4:0000000000000002,,34202773,3,"csrrs   a4, mcause, zero",,
0000000080006102,,a3:0000000000000000,,142026f3,3,"csrrs   a3, scause, zero",,
0000000080006106,,a2:0000000000000a00,,30402673,3,"csrrs   a2, mie, zero",,
000000008000610a,,a1:0000000000000080,,344025f3,3,"csrrs   a1, mip, zero",,
000000008000610e,,a1:00000000d237ff53,,343025f3,3,"csrrs   a1, mtval, zero",,
0000000080006112,,a0:0000000000000004,,14302573,3,"csrrs   a0, stval, zero",,
0000000080006116,,s1:0000000000000abd,,b02024f3,3,"csrrs   s1, minstret, zero",,
000000008000612e,,a5:000000008000454c,,00000791,3,"c.addi  a5, 4",,
000000008000454c,,a6:0000000000000757,,757d4813,1,"xori    a6, s10, 1879",,
0000000080004008,,s8:0000000080006008,,00002c17,3,"auipc   s8, 0x2",,
000000008000400c,,s8:00000000800060fa,,0f2c0c13,3,"addi    s8, s8, 242",,
0000000080004010,,ra:0000000080004014,,000c00e7,3,jalr    s8,,
00000000800060fa,,a5:0000000080004550,,341027f3,3,"csrrs   a5, mepc, zero",,
00000000800060fe,,a4:0000000000000002,,34202773,3,"csrrs   a4, mcause, zero",,
0000000080006102,,a3:0000000000000000,,142026f3,3,"csrrs   a3, scause, zero",,
0000000080006106,,a2:0000000000000a00,,30402673,3,"csrrs   a2, mie, zero",,
000000008000610a,,a1:0000000000000080,,344025f3,3,"csrrs   a1, mip, zero",,
000000008000610e,,a1:00000000c02afe53,,343025f3,3,"csrrs   a1, mtval, zero",,
0000000080006112,,a0:0000000000000004,,14302573,3,"csrrs   a0, stval, zero",,
0000000080006116,,s1:0000000000000ace,,b02024f3,3,"csrrs   s1, minstret, zero",,
000000008000612e,,a5:0000000080004554,,00000791,3,"c.addi  a5, 4",,
0000000080004008,,s8:0000000080006008,,00002c17,3,"auipc   s8, 0x2",,
000000008000400c,,s8:00000000800060fa,,0f2c0c13,3,"addi    s8, s8, 242",,
0000000080004010,,ra:0000000080004014,,000c00e7,3,jalr    s8,,
00000000800060fa,,a5:000000008000455a,,341027f3,3,"csrrs   a5, mepc, zero",,
00000000800060fe,,a4:0000000000000002,,34202773,3,"csrrs   a4, mcause, zero",,
0000000080006102,,a3:0000000000000000,,142026f3,3,"csrrs   a3, scause, zero",,
0000000080006106,,a2:0000000000000a00,,30402673,3,"csrrs   a2, mie, zero",,
000000008000610a,,a1:0000000000000080,,344025f3,3,"csrrs   a1, mip, zero",,
000000008000610e,,a1:00000000135d7653,,343025f3,3,"csrrs   a1, mtval, zero",,
0000000080006112,,a0:0000000000000004,,14302573,3,"csrrs   a0, stval, zero",,
0000000080006116,,s1:0000000000000ae0,,b02024f3,3,"csrrs   s1, minstret, zero",,
000000008000612e,,a5:000000008000455e,,00000791,3,"c.addi  a5, 4",,
0000000080004008,,s8:0000000080006008,,00002c17,3,"auipc   s8, 0x2",,
000000008000400c,,s8:00000000800060fa,,0f2c0c13,3,"addi    s8, s8, 242",,
0000000080004010,,ra:0000000080004014,,000c00e7,3,jalr    s8,,
00000000800060fa,,a5:0000000080004560,,341027f3,3,"csrrs   a5, mepc, zero",,
00000000800060fe,,a4:0000000000000002,,34202773,3,"csrrs   a4, mcause, zero",,
0000000080006102,,a3:0000000000000000,,142026f3,3,"csrrs   a3, scause, zero",,
0000000080006106,,a2:0000000000000a00,,30402673,3,"csrrs   a2, mie, zero",,
000000008000610a,,a1:0000000000000080,,344025f3,3,"csrrs   a1, mip, zero",,
000000008000610e,,a1:00000000c2317d53,,343025f3,3,"csrrs   a1, mtval, zero",,
0000000080006112,,a0:0000000000000004,,14302573,3,"csrrs   a0, stval, zero",,
0000000080006116,,s1:0000000000000af1,,b02024f3,3,"csrrs   s1, minstret, zero",,
000000008000612e,,a5:0000000080004564,,00000791,3,"c.addi  a5, 4",,
0000000080004564,,a4:ffffffffc2317d53,,00ba073b,1,"addw    a4, s4, a1",,
000000008000456a,,ft9:fff8000000000000,,235e8ed3,1,"fsgnj.d ft9, ft9, fs5",,
000000008000456e,,t0:fff8000000000000,,e20e82d3,1,"fmv.x.d t0, ft9",,
0000000080004572,,t3:000000007ffffffe,,fff90e13,1,"addi    t3, s2, -1",,
0000000080004008,,s8:0000000080006008,,00002c17,3,"auipc   s8, 0x2",,
000000008000400c,,s8:00000000800060fa,,0f2c0c13,3,"addi    s8, s8, 242",,
0000000080004010,,ra:0000000080004014,,000c00e7,3,jalr    s8,,
00000000800060fa,,a5:0000000080004576,,341027f3,3,"csrrs   a5, mepc, zero",,
00000000800060fe,,a4:0000000000000002,,34202773,3,"csrrs   a4, mcause, zero",,
0000000080006102,,a3:0000000000000000,,142026f3,3,"csrrs   a3, scause, zero",,
0000000080006106,,a2:0000000000000a00,,30402673,3,"csrrs   a2, mie, zero",,
000000008000610a,,a1:0000000000000080,,344025f3,3,"csrrs   a1, mip, zero",,
000000008000610e,,a1:0000000012aef853,,343025f3,3,"csrrs   a1, mtval, zero",,
0000000080006112,,a0:0000000000000004,,14302573,3,"csrrs   a0, stval, zero",,
0000000080006116,,s1:0000000000000b06,,b02024f3,3,"csrrs   s1, minstret, zero",,
000000008000612e,,a5:000000008000457a,,00000791,3,"c.addi  a5, 4",,
000000008000457a,,t2:fff8000000000000,,b822f393,1,"andi    t2, t0, -1150",,
000000008000457e,,a0:00000000f2da157e,,72d9d517,1,"auipc   a0, 0x72d9d",,
0000000080004582,,ft10:c010000000000000,,232f9f53,1,"fsgnjn.d ft10, ft11, fs2",,
0000000080004008,,s8:0000000080006008,,00002c17,3,"auipc   s8, 0x2",,
000000008000400c,,s8:00000000800060fa,,0f2c0c13,3,"addi    s8, s8, 242",,
0000000080004010,,ra:0000000080004014,,000c00e7,3,jalr    s8,,
00000000800060fa,,a5:0000000080004586,,341027f3,3,"csrrs   a5, mepc, zero",,
00000000800060fe,,a4:0000000000000002,,34202773,3,"csrrs   a4, mcause, zero",,
0000000080006102,,a3:0000000000000000,,142026f3,3,"csrrs   a3, scause, zero",,
0000000080006106,,a2:0000000000000a00,,30402673,3,"csrrs   a2, mie, zero",,
000000008000610a,,a1:0000000000000080,,344025f3,3,"csrrs   a1, mip, zero",,
000000008000610e,,a1:00000000d0357653,,343025f3,3,"csrrs   a1, mtval, zero",,
0000000080006112,,a0:0000000000000004,,14302573,3,"csrrs   a0, stval, zero",,
0000000080006116,,s1:0000000000000b19,,b02024f3,3,"csrrs   s1, minstret, zero",,
000000008000612e,,a5:000000008000458a,,00000791,3,"c.addi  a5, 4",,
000000008000458a,,ra:0000000080004014,,00008086,1,"c.mv    ra, ra",,
000000008000458c,,s8:000000000263c000,,0263cc37,1,"lui     s8, 0x263c",,
0000000080004590,,s8:000000000263be19,,e19c0c1b,1,"addiw   s8, s8, -487",,
0000000080004594,,s8:0000004c77c32000,,00000c36,1,"c.slli  s8, 13",,
0000000080004596,,s8:0000004c77c31b26,,b26c0c13,1,"addi    s8, s8, -1242",,
000000008000459a,,a3:0000000000000000,,014cd693,1,"srli    a3, s9, 20",,
000000008000459e,,a7:ffffffffffffffff,,41c25893,1,"srai    a7, tp, 28",,
0000000080004008,,s8:0000000080006008,,00002c17,3,"auipc   s8, 0x2",,
000000008000400c,,s8:00000000800060fa,,0f2c0c13,3,"addi    s8, s8, 242",,
0000000080004010,,ra:0000000080004014,,000c00e7,3,jalr    s8,,
00000000800060fa,,a5:00000000800045a2,,341027f3,3,"csrrs   a5, mepc, zero",,
00000000800060fe,,a4:0000000000000002,,34202773,3,"csrrs   a4, mcause, zero",,
0000000080006102,,a3:0000000000000000,,142026f3,3,"csrrs   a3, scause, zero",,
0000000080006106,,a2:0000000000000a00,,30402673,3,"csrrs   a2, mie, zero",,
000000008000610a,,a1:0000000000000080,,344025f3,3,"csrrs   a1, mip, zero",,
000000008000610e,,a1:00000000d230f053,,343025f3,3,"csrrs   a1, mtval, zero",,
0000000080006112,,a0:0000000000000004,,14302573,3,"csrrs   a0, stval, zero",,
0000000080006116,,s1:0000000000000b30,,b02024f3,3,"csrrs   s1, minstret, zero",,
000000008000612e,,a5:00000000800045a6,,00000791,3,"c.addi  a5, 4",,
00000000800045a8,,s3:ffffffffffffffff,,02d9d9b3,1,"divu    s3, s3, a3",,
0000000080004008,,s8:0000000080006008,,00002c17,3,"auipc   s8, 0x2",,
000000008000400c,,s8:00000000800060fa,,0f2c0c13,3,"addi    s8, s8, 242",,
0000000080004010,,ra:0000000080004014,,000c00e7,3,jalr    s8,,
00000000800060fa,,a5:00000000800045ac,,341027f3,3,"csrrs   a5, mepc, zero",,
00000000800060fe,,a4:0000000000000002,,34202773,3,"csrrs   a4, mcause, zero",,
0000000080006102,,a3:0000000000000000,,142026f3,3,"csrrs   a3, scause, zero",,
0000000080006106,,a2:0000000000000a00,,30402673,3,"csrrs   a2, mie, zero",,
000000008000610a,,a1:0000000000000080,,344025f3,3,"csrrs   a1, mip, zero",,
000000008000610e,,a1:000000001375f8d3,,343025f3,3,"csrrs   a1, mtval, zero",,
0000000080006112,,a0:0000000000000004,,14302573,3,"csrrs   a0, stval, zero",,
0000000080006116,,s1:0000000000000b42,,b02024f3,3,"csrrs   s1, minstret, zero",,
000000008000612e,,a5:00000000800045b0,,00000791,3,"c.addi  a5, 4",,
0000000080004008,,s8:0000000080006008,,00002c17,3,"auipc   s8, 0x2",,
000000008000400c,,s8:00000000800060fa,,0f2c0c13,3,"addi    s8, s8, 242",,
0000000080004010,,ra:0000000080004014,,000c00e7,3,jalr    s8,,
00000000800060fa,,a5:00000000800045b0,,341027f3,3,"csrrs   a5, mepc, zero",,
00000000800060fe,,a4:0000000000000002,,34202773,3,"csrrs   a4, mcause, zero",,
0000000080006102,,a3:0000000000000000,,142026f3,3,"csrrs   a3, scause, zero",,
0000000080006106,,a2:0000000000000a00,,30402673,3,"csrrs   a2, mie, zero",,
000000008000610a,,a1:0000000000000080,,344025f3,3,"csrrs   a1, mip, zero",,
000000008000610e,,a1:00000000c230f0d3,,343025f3,3,"csrrs   a1, mtval, zero",,
0000000080006112,,a0:0000000000000004,,14302573,3,"csrrs   a0, stval, zero",,
0000000080006116,,s1:0000000000000b52,,b02024f3,3,"csrrs   s1, minstret, zero",,
000000008000612e,,a5:00000000800045b4,,00000791,3,"c.addi  a5, 4",,
00000000800045b4,,t0:00000000b42ae5b4,,342aa297,1,"auipc   t0, 0x342aa",,
00000000800045b8,,s4:00000000068ce000,,068cea37,1,"lui     s4, 0x68ce",,
00000000800045bc,,s4:00000000068cd821,,821a0a1b,1,"addiw   s4, s4, -2015",,
00000000800045c0,,s4:00000068cd821000,,00000a32,1,"c.slli  s4, 12",,
00000000800045c2,,s4:00000068cd820b64,,b64a0a13,1,"addi    s4, s4, -1180",,
0000000080004008,,s8:0000000080006008,,00002c17,3,"auipc   s8, 0x2",,
000000008000400c,,s8:00000000800060fa,,0f2c0c13,3,"addi    s8, s8, 242",,
0000000080004010,,ra:0000000080004014,,000c00e7,3,jalr    s8,,
00000000800060fa,,a5:00000000800045c6,,341027f3,3,"csrrs   a5, mepc, zero",,
00000000800060fe,,a4:0000000000000002,,34202773,3,"csrrs   a4, mcause, zero",,
0000000080006102,,a3:0000000000000000,,142026f3,3,"csrrs   a3, scause, zero",,
0000000080006106,,a2:0000000000000a00,,30402673,3,"csrrs   a2, mie, zero",,
000000008000610a,,a1:0000000000000080,,344025f3,3,"csrrs   a1, mip, zero",,
000000008000610e,,a1:00000000c2267653,,343025f3,3,"csrrs   a1, mtval, zero",,
0000000080006112,,a0:0000000000000004,,14302573,3,"csrrs   a0, stval, zero",,
0000000080006116,,s1:0000000000000b67,,b02024f3,3,"csrrs   s1, minstret, zero",,
000000008000612e,,a5:00000000800045ca,,00000791,3,"c.addi  a5, 4",,
00000000800045ca,,ft10:7ff8000000000000,,23e91f53,1,"fsgnjn.d ft10, fs2, ft10",,
00000000800045ce,,s4:000000000323b000,,0323ba37,1,"lui     s4, 0x323b",,
00000000800045d2,,s4:000000000323b399,,399a0a1b,1,"addiw   s4, s4, 921",,
00000000800045d6,,s4:000000323b399000,,00000a32,1,"c.slli  s4, 12",,
00000000800045d8,,s4:000000323b3992bf,,2bfa0a13,1,"addi    s4, s4, 703",,
0000000080004008,,s8:0000000080006008,,00002c17,3,"auipc   s8, 0x2",,
000000008000400c,,s8:00000000800060fa,,0f2c0c13,3,"addi    s8, s8, 242",,
0000000080004010,,ra:0000000080004014,,000c00e7,3,jalr    s8,,
00000000800060fa,,a5:00000000800045dc,,341027f3,3,"csrrs   a5, mepc, zero",,
00000000800060fe,,a4:0000000000000002,,34202773,3,"csrrs   a4, mcause, zero",,
0000000080006102,,a3:0000000000000000,,142026f3,3,"csrrs   a3, scause, zero",,
0000000080006106,,a2:0000000000000a00,,30402673,3,"csrrs   a2, mie, zero",,
000000008000610a,,a1:0000000000000080,,344025f3,3,"csrrs   a1, mip, zero",,
000000008000610e,,a1:00000000bae4f743,,343025f3,3,"csrrs   a1, mtval, zero",,
0000000080006112,,a0:0000000000000004,,14302573,3,"csrrs   a0, stval, zero",,
0000000080006116,,s1:0000000000000b7c,,b02024f3,3,"csrrs   s1, minstret, zero",,
000000008000612e,,a5:00000000800045e0,,00000791,3,"c.addi  a5, 4",,
00000000800045e0,,t0:8000000000000000,,e20d02d3,1,"fmv.x.d t0, fs10",,
00000000800045e4,,a1:ffffffff451b1439,,40b485b3,1,"sub     a1, s1, a1",,
00000000800045e8,,sp:000000004cbfaae2,,01c14133,1,"xor     sp, sp, t3",,
00000000800045ec,,a4:00000000e0dc4505,,001ae713,1,"ori     a4, s5, 1",,
00000000800045f0,,sp:ffffffffc51b1437,,03c5e133,1,"rem     sp, a1, t3",,
00000000800045f4,,a7:000000002e5e45f4,,ae5e0897,1,"auipc   a7, 0xae5e0",,
00000000800045f8,,a0:0000000000000001,,0329553b,1,"divuw   a0, s2, s2",,
00000000800045fc,,a4:0000000000000158,,1586871b,1,"addiw   a4, a3, 344",,
0000000080004600,,a1:00000000bae4ec39,,8005c593,1,"xori    a1, a1, -2048",,
0000000080004604,,t3:0000000000000000,,41255e3b,1,"sraw    t3, a0, s2",,
0000000080004608,,tp:ffffffffc51b0d82,,02413233,1,"mulhu   tp, sp, tp",,
0000000080004008,,s8:0000000080006008,,00002c17,3,"auipc   s8, 0x2",,
000000008000400c,,s8:00000000800060fa,,0f2c0c13,3,"addi    s8, s8, 242",,
0000000080004010,,ra:0000000080004014,,000c00e7,3,jalr    s8,,
00000000800060fa,,a5:000000008000460c,,341027f3,3,"csrrs   a5, mepc, zero",,
00000000800060fe,,a4:0000000000000002,,34202773,3,"csrrs   a4, mcause, zero",,
0000000080006102,,a3:0000000000000000,,142026f3,3,"csrrs   a3, scause, zero",,
0000000080006106,,a2:0000000000000a00,,30402673,3,"csrrs   a2, mie, zero",,
000000008000610a,,a1:0000000000000080,,344025f3,3,"csrrs   a1, mip, zero",,
000000008000610e,,a1:000000000aeb7553,,343025f3,3,"csrrs   a1, mtval, zero",,
0000000080006112,,a0:0000000000000004,,14302573,3,"csrrs   a0, stval, zero",,
0000000080006116,,s1:0000000000000b97,,b02024f3,3,"csrrs   s1, minstret, zero",,
000000008000612e,,a5:0000000080004610,,00000791,3,"c.addi  a5, 4",,
0000000080004008,,s8:0000000080006008,,00002c17,3,"auipc   s8, 0x2",,
000000008000400c,,s8:00000000800060fa,,0f2c0c13,3,"addi    s8, s8, 242",,
0000000080004010,,ra:0000000080004014,,000c00e7,3,jalr    s8,,
00000000800060fa,,a5:0000000080004610,,341027f3,3,"csrrs   a5, mepc, zero",,
00000000800060fe,,a4:0000000000000002,,34202773,3,"csrrs   a4, mcause, zero",,
0000000080006102,,a3:0000000000000000,,142026f3,3,"csrrs   a3, scause, zero",,
0000000080006106,,a2:0000000000000a00,,30402673,3,"csrrs   a2, mie, zero",,
000000008000610a,,a1:0000000000000080,,344025f3,3,"csrrs   a1, mip, zero",,
000000008000610e,,a1:000000000b57fa53,,343025f3,3,"csrrs   a1, mtval, zero",,
0000000080006112,,a0:0000000000000004,,14302573,3,"csrrs   a0, stval, zero",,
0000000080006116,,s1:0000000000000ba7,,b02024f3,3,"csrrs   s1, minstret, zero",,
000000008000612e,,a5:0000000080004614,,00000791,3,"c.addi  a5, 4",,
000000008000461a,,s7:ffffffffffffffff,,03d24bb3,1,"div     s7, tp, t4",,
000000008000461e,,s1:0000fffffffe0000,,011b1493,1,"slli    s1, s6, 17",,
0000000080004622,,a6:ffffffffffffffff,,733be813,1,"ori     a6, s7, 1843",,
0000000080004628,,a3:0000000000000000,,00008ee9,1,"c.and   a3, a0",,
000000008000462a,,t2:00000000000009fc,,40a603b3,1,"sub     t2, a2, a0",,
000000008000462e,,sp:0000000585617a66,,03115133,1,"divu    sp, sp, a7",,
0000000080004008,,s8:0000000080006008,,00002c17,3,"auipc   s8, 0x2",,
000000008000400c,,s8:00000000800060fa,,0f2c0c13,3,"addi    s8, s8, 242",,
0000000080004010,,ra:0000000080004014,,000c00e7,3,jalr    s8,,
00000000800060fa,,a5:0000000080004632,,341027f3,3,"csrrs   a5, mepc, zero",,
00000000800060fe,,a4:0000000000000002,,34202773,3,"csrrs   a4, mcause, zero",,
0000000080006102,,a3:0000000000000000,,142026f3,3,"csrrs   a3, scause, zero",,
0000000080006106,,a2:0000000000000a00,,30402673,3,"csrrs   a2, mie, zero",,
000000008000610a,,a1:0000000000000080,,344025f3,3,"csrrs   a1, mip, zero",,
000000008000610e,,a1:00000000320ad3f3,,343025f3,3,"csrrs   a1, mtval, zero",,
0000000080006112,,a0:0000000000000004,,14302573,3,"csrrs   a0, stval, zero",,
0000000080006116,,s1:0000000000000bc0,,b02024f3,3,"csrrs   s1, minstret, zero",,
000000008000612e,,a5:0000000080004636,,00000791,3,"c.addi  a5, 4",,
0000000080004636,,t0:0000000000000000,,00ce92bb,1,"sllw    t0, t4, a2",,
0000000080004008,,s8:0000000080006008,,00002c17,3,"auipc   s8, 0x2",,
000000008000400c,,s8:00000000800060fa,,0f2c0c13,3,"addi    s8, s8, 242",,
0000000080004010,,ra:0000000080004014,,000c00e7,3,jalr    s8,,
00000000800060fa,,a5:000000008000463a,,341027f3,3,"csrrs   a5, mepc, zero",,
00000000800060fe,,a4:0000000000000002,,34202773,3,"csrrs   a4, mcause, zero",,
0000000080006102,,a3:0000000000000000,,142026f3,3,"csrrs   a3, scause, zero",,
0000000080006106,,a2:0000000000000a00,,30402673,3,"csrrs   a2, mie, zero",,
000000008000610a,,a1:0000000000000080,,344025f3,3,"csrrs   a1, mip, zero",,
000000008000610e,,a1:000000001a0979d3,,343025f3,3,"csrrs   a1, mtval, zero",,
0000000080006112,,a0:0000000000000004,,14302573,3,"csrrs   a0, stval, zero",,
0000000080006116,,s1:0000000000000bd1,,b02024f3,3,"csrrs   s1, minstret, zero",,
000000008000612e,,a5:000000008000463e,,00000791,3,"c.addi  a5, 4",,
000000008000463e,,tp:7ff8000000000000,,e2090253,1,"fmv.x.d tp, fs2",,
0000000080004642,,s7:0000000000000000,,00125b9b,1,"srliw   s7, tp, 1",,
0000000080004646,,gp:fffffffffffffaed,,aedee193,1,"ori     gp, t4, -1299",,
000000008000464a,,s4:0000000000000000,,00180a1b,1,"addiw   s4, a6, 1",,
000000008000464e,,s5:0000000000000011,,00102af3,1,"csrrs   s5, fflags, zero",,
0000000080004008,,s8:0000000080006008,,00002c17,3,"auipc   s8, 0x2",,
000000008000400c,,s8:00000000800060fa,,0f2c0c13,3,"addi    s8, s8, 242",,
0000000080004010,,ra:0000000080004014,,000c00e7,3,jalr    s8,,
00000000800060fa,,a5:0000000080004652,,341027f3,3,"csrrs   a5, mepc, zero",,
00000000800060fe,,a4:0000000000000002,,34202773,3,"csrrs   a4, mcause, zero",,
0000000080006102,,a3:0000000000000000,,142026f3,3,"csrrs   a3, scause, zero",,
0000000080006106,,a2:0000000000000a00,,30402673,3,"csrrs   a2, mie, zero",,
000000008000610a,,a1:0000000000000080,,344025f3,3,"csrrs   a1, mip, zero",,
000000008000610e,,a1:000000000334f4d3,,343025f3,3,"csrrs   a1, mtval, zero",,
0000000080006112,,a0:0000000000000004,,14302573,3,"csrrs   a0, stval, zero",,
0000000080006116,,s1:0000000000000be6,,b02024f3,3,"csrrs   s1, minstret, zero",,
000000008000612e,,a5:0000000080004656,,00000791,3,"c.addi  a5, 4",,
0000000080004656,,fs1:0000000080004014,,f20084d3,1,"fmv.d.x fs1, ra",,
0000000080004008,,s8:0000000080006008,,00002c17,3,"auipc   s8, 0x2",,
000000008000400c,,s8:00000000800060fa,,0f2c0c13,3,"addi    s8, s8, 242",,
0000000080004010,,ra:0000000080004014,,000c00e7,3,jalr    s8,,
00000000800060fa,,a5:000000008000465a,,341027f3,3,"csrrs   a5, mepc, zero",,
00000000800060fe,,a4:0000000000000002,,34202773,3,"csrrs   a4, mcause, zero",,
0000000080006102,,a3:0000000000000000,,142026f3,3,"csrrs   a3, scause, zero",,
0000000080006106,,a2:0000000000000a00,,30402673,3,"csrrs   a2, mie, zero",,
000000008000610a,,a1:0000000000000080,,344025f3,3,"csrrs   a1, mip, zero",,
000000008000610e,,a1:00000000c0387b53,,343025f3,3,"csrrs   a1, mtval, zero",,
0000000080006112,,a0:0000000000000004,,14302573,3,"csrrs   a0, stval, zero",,
0000000080006116,,s1:0000000000000bf7,,b02024f3,3,"csrrs   s1, minstret, zero",,
000000008000612e,,a5:000000008000465e,,00000791,3,"c.addi  a5, 4",,
000000008000465e,,tp:ffffffffffffffff,,0309a233,1,"mulhsu  tp, s3, a6",,
0000000080004662,,s0:ffffffffffffffff,,4008541b,1,"sraiw   s0, a6, 0",,
0000000080004666,,t3:0000000000000000,,417e0e3b,1,"subw    t3, t3, s7",,
000000008000466a,,a5:ffffffffffffffff,,40d807bb,1,"subw    a5, a6, a3",,
000000008000466e,,s4:ffffffff80000000,,40f90a3b,1,"subw    s4, s2, a5",,
0000000080004008,,s8:0000000080006008,,00002c17,3,"auipc   s8, 0x2",,
000000008000400c,,s8:00000000800060fa,,0f2c0c13,3,"addi    s8, s8, 242",,
0000000080004010,,ra:0000000080004014,,000c00e7,3,jalr    s8,,
00000000800060fa,,a5:0000000080004672,,341027f3,3,"csrrs   a5, mepc, zero",,
00000000800060fe,,a4:0000000000000002,,34202773,3,"csrrs   a4, mcause, zero",,
0000000080006102,,a3:0000000000000000,,142026f3,3,"csrrs   a3, scause, zero",,
0000000080006106,,a2:0000000000000a00,,30402673,3,"csrrs   a2, mie, zero",,
000000008000610a,,a1:0000000000000080,,344025f3,3,"csrrs   a1, mip, zero",,
000000008000610e,,a1:000000005a027e53,,343025f3,3,"csrrs   a1, mtval, zero",,
0000000080006112,,a0:0000000000000004,,14302573,3,"csrrs   a0, stval, zero",,
0000000080006116,,s1:0000000000000c0c,,b02024f3,3,"csrrs   s1, minstret, zero",,
000000008000612e,,a5:0000000080004676,,00000791,3,"c.addi  a5, 4",,
0000000080004676,,t0:ffffffff80004676,,00d792bb,1,"sllw    t0, a5, a3",,
000000008000467a,,fs4:7ff8000000000000,,2bc08a53,1,"fmin.d  fs4, ft1, ft8",,
0000000080004008,,s8:0000000080006008,,00002c17,3,"auipc   s8, 0x2",,
000000008000400c,,s8:00000000800060fa,,0f2c0c13,3,"addi    s8, s8, 242",,
0000000080004010,,ra:0000000080004014,,000c00e7,3,jalr    s8,,
00000000800060fa,,a5:000000008000467e,,341027f3,3,"csrrs   a5, mepc, zero",,
00000000800060fe,,a4:0000000000000002,,34202773,3,"csrrs   a4, mcause, zero",,
0000000080006102,,a3:0000000000000000,,142026f3,3,"csrrs   a3, scause, zero",,
0000000080006106,,a2:0000000000000a00,,30402673,3,"csrrs   a2, mie, zero",,
000000008000610a,,a1:0000000000000080,,344025f3,3,"csrrs   a1, mip, zero",,
000000008000610e,,a1:000000005b40f5cf,,343025f3,3,"csrrs   a1, mtval, zero",,
0000000080006112,,a0:0000000000000004,,14302573,3,"csrrs   a0, stval, zero",,
0000000080006116,,s1:0000000000000c1e,,b02024f3,3,"csrrs   s1, minstret, zero",,
000000008000612e,,a5:0000000080004682,,00000791,3,"c.addi  a5, 4",,
0000000080004682,,s2:0000000000000a00,,03466933,1,"rem     s2, a2, s4",,
0000000080004686,,fs5:8000000000000000,,2b8d1ad3,1,"fmax.d  fs5, fs10, fs8",,
000000008000468a,,ra:000000004000200a,,0010d093,1,"srli    ra, ra, 1",,
000000008000468e,,t2:0000000000007fff,,0111d39b,1,"srliw   t2, gp, 17",,
0000000080004008,,s8:0000000080006008,,00002c17,3,"auipc   s8, 0x2",,
000000008000400c,,s8:00000000800060fa,,0f2c0c13,3,"addi    s8, s8, 242",,
0000000080004010,,ra:0000000080004014,,000c00e7,3,jalr    s8,,
00000000800060fa,,a5:0000000080004692,,341027f3,3,"csrrs   a5, mepc, zero",,
00000000800060fe,,a4:0000000000000002,,34202773,3,"csrrs   a4, mcause, zero",,
0000000080006102,,a3:0000000000000000,,142026f3,3,"csrrs   a3, scause, zero",,
0000000080006106,,a2:0000000000000a00,,30402673,3,"csrrs   a2, mie, zero",,
000000008000610a,,a1:0000000000000080,,344025f3,3,"csrrs   a1, mip, zero",,
000000008000610e,,a1:0000000032007d73,,343025f3,3,"csrrs   a1, mtval, zero",,
0000000080006112,,a0:0000000000000004,,14302573,3,"csrrs   a0, stval, zero",,
0000000080006116,,s1:0000000000000c32,,b02024f3,3,"csrrs   s1, minstret, zero",,
000000008000612e,,a5:0000000080004696,,00000791,3,"c.addi  a5, 4",,
0000000080004008,,s8:0000000080006008,,00002c17,3,"auipc   s8, 0x2",,
000000008000400c,,s8:00000000800060fa,,0f2c0c13,3,"addi    s8, s8, 242",,
0000000080004010,,ra:0000000080004014,,000c00e7,3,jalr    s8,,
00000000800060fa,,a5:0000000080004696,,341027f3,3,"csrrs   a5, mepc, zero",,
00000000800060fe,,a4:0000000000000002,,34202773,3,"csrrs   a4, mcause, zero",,
0000000080006102,,a3:0000000000000000,,142026f3,3,"csrrs   a3, scause, zero",,
0000000080006106,,a2:0000000000000a00,,30402673,3,"csrrs   a2, mie, zero",,
000000008000610a,,a1:0000000000000080,,344025f3,3,"csrrs   a1, mip, zero",,
000000008000610e,,a1:0000000013777dd3,,343025f3,3,"csrrs   a1, mtval, zero",,
0000000080006112,,a0:0000000000000004,,14302573,3,"csrrs   a0, stval, zero",,
0000000080006116,,s1:0000000000000c42,,b02024f3,3,"csrrs   s1, minstret, zero",,
000000008000612e,,a5:000000008000469a,,00000791,3,"c.addi  a5, 4",,
0000000080004008,,s8:0000000080006008,,00002c17,3,"auipc   s8, 0x2",,
000000008000400c,,s8:00000000800060fa,,0f2c0c13,3,"addi    s8, s8, 242",,
0000000080004010,,ra:0000000080004014,,000c00e7,3,jalr    s8,,
00000000800060fa,,a5:000000008000469a,,341027f3,3,"csrrs   a5, mepc, zero",,
00000000800060fe,,a4:0000000000000002,,34202773,3,"csrrs   a4, mcause, zero",,
0000000080006102,,a3:0000000000000000,,142026f3,3,"csrrs   a3, scause, zero",,
0000000080006106,,a2:0000000000000a00,,30402673,3,"csrrs   a2, mie, zero",,
000000008000610a,,a1:0000000000000080,,344025f3,3,"csrrs   a1, mip, zero",,
000000008000610e,,a1:0000000003b5f5d3,,343025f3,3,"csrrs   a1, mtval, zero",,
0000000080006112,,a0:0000000000000004,,14302573,3,"csrrs   a0, stval, zero",,
0000000080006116,,s1:0000000000000c52,,b02024f3,3,"csrrs   s1, minstret, zero",,
000000008000612e,,a5:000000008000469e,,00000791,3,"c.addi  a5, 4",,
000000008000469e,,t4:fffffffffc24b000,,fc24beb7,1,"lui     t4, 0xfc24b",,
00000000800046a2,,t4:fffffffffc24acd3,,cd3e8e9b,1,"addiw   t4, t4, -813",,
00000000800046a6,,t4:ffffffc24acd3000,,00000eb2,1,"c.slli  t4, 12",,
00000000800046a8,,t4:ffffffc24acd2f7a,,f7ae8e93,1,"addi    t4, t4, -134",,
00000000800046ac,,s4:0000000000000000,,00b95a3b,1,"srlw    s4, s2, a1",,
00000000800046b0,,a5:0000000000000000,,038a07bb,1,"mulw    a5, s4, s8",,
00000000800046b4,,s10:ffffffffffffffff,,0159ed33,1,"or      s10, s3, s5",,
00000000800046b8,,s3:0000000000000000,,1059b9f3,1,"csrrc   s3, stvec, s3",,
00000000800046bc,,s9:0000000000000008,,e20d1cd3,1,"fclass.d s9, fs10",,
00000000800046c0,,ft6:00000000800060fa,,f20c0353,1,"fmv.d.x ft6, s8",,
00000000800046c4,,ra:00000000800060fa,,406c00b3,1,"sub     ra, s8, t1",,
00000000800046c8,,a6:0000000000000008,,01906833,1,"or      a6, zero, s9",,
00000000800046cc,,gp:fffffffffffffffe,,028231b3,1,"mulhu   gp, tp, s0",,
00000000800046d0,,gp:ffffffff00000000,,e20701d3,1,"fmv.x.d gp, fa4",,
0000000080004008,,s8:0000000080006008,,00002c17,3,"auipc   s8, 0x2",,
000000008000400c,,s8:00000000800060fa,,0f2c0c13,3,"addi    s8, s8, 242",,
0000000080004010,,ra:0000000080004014,,000c00e7,3,jalr    s8,,
00000000800060fa,,a5:00000000800046d4,,341027f3,3,"csrrs   a5, mepc, zero",,
00000000800060fe,,a4:0000000000000002,,34202773,3,"csrrs   a4, mcause, zero",,
0000000080006102,,a3:0000000000000000,,142026f3,3,"csrrs   a3, scause, zero",,
0000000080006106,,a2:0000000000000a00,,30402673,3,"csrrs   a2, mie, zero",,
000000008000610a,,a1:0000000000000080,,344025f3,3,"csrrs   a1, mip, zero",,
000000008000610e,,a1:000000001a1df8c3,,343025f3,3,"csrrs   a1, mtval, zero",,
0000000080006112,,a0:0000000000000004,,14302573,3,"csrrs   a0, stval, zero",,
0000000080006116,,s1:0000000000000c70,,b02024f3,3,"csrrs   s1, minstret, zero",,
000000008000612e,,a5:00000000800046d8,,00000791,3,"c.addi  a5, 4",,
00000000800046d8,,a5:000000000af7c000,,0af7c7b7,1,"lui     a5, 0xaf7c",,
00000000800046dc,,fs3:7fffffff00000000,,221389d3,1,"fsgnj.d fs3, ft7, ft1",,
00000000800046e0,,s1:ffffffffffffffff,,0339c4b3,1,"div     s1, s3, s3",,
00000000800046e4,,a6:0000000000000810,,7ffa8813,1,"addi    a6, s5, 2047",,
00000000800046e8,,s11:000000004acd2f7a,,000e8dbb,1,"addw    s11, t4, zero",,
00000000800046ec,,s4:0000000000007fff,,01438a3b,1,"addw    s4, t2, s4",,
00000000800046f0,,t3:0000000000003fff,,001a5e13,1,"srli    t3, s4, 1",,
00000000800046f4,,a6:000000004acd2c57,,32ddc813,1,"xori    a6, s11, 813",,
00000000800046f8,,ra:000000007a9e85a2,,402c80bb,1,"subw    ra, s9, sp",,
00000000800046fc,,s3:0000000000000000,,010849b3,1,"xor     s3, a6, a6",,
0000000080004700,,a0:00003d4ec8327a5e,,02138533,1,"mul     a0, t2, ra",,
0000000080004704,,a3:000000000000f53b,,00a556b3,1,"srl     a3, a0, a0",,
0000000080004008,,s8:0000000080006008,,00002c17,3,"auipc   s8, 0x2",,
000000008000400c,,s8:00000000800060fa,,0f2c0c13,3,"addi    s8, s8, 242",,
0000000080004010,,ra:0000000080004014,,000c00e7,3,jalr    s8,,
00000000800060fa,,a5:0000000080004708,,341027f3,3,"csrrs   a5, mepc, zero",,
00000000800060fe,,a4:0000000000000002,,34202773,3,"csrrs   a4, mcause, zero",,
0000000080006102,,a3:0000000000000000,,142026f3,3,"csrrs   a3, scause, zero",,
0000000080006106,,a2:0000000000000a00,,30402673,3,"csrrs   a2, mie, zero",,
000000008000610a,,a1:0000000000000080,,344025f3,3,"csrrs   a1, mip, zero",,
000000008000610e,,a1:00000000d22df953,,343025f3,3,"csrrs   a1, mtval, zero",,
0000000080006112,,a0:0000000000000004,,14302573,3,"csrrs   a0, stval, zero",,
0000000080006116,,s1:0000000000000c8c,,b02024f3,3,"csrrs   s1, minstret, zero",,
000000008000612e,,a5:000000008000470c,,00000791,3,"c.addi  a5, 4",,
000000008000470c,,s0:000000004acd2c9f,,3e5dc413,1,"xori    s0, s11, 997",,
0000000080004008,,s8:0000000080006008,,00002c17,3,"auipc   s8, 0x2",,
000000008000400c,,s8:00000000800060fa,,0f2c0c13,3,"addi    s8, s8, 242",,
0000000080004010,,ra:0000000080004014,,000c00e7,3,jalr    s8,,
00000000800060fa,,a5:0000000080004710,,341027f3,3,"csrrs   a5, mepc, zero",,
00000000800060fe,,a4:0000000000000002,,34202773,3,"csrrs   a4, mcause, zero",,
0000000080006102,,a3:0000000000000000,,142026f3,3,"csrrs   a3, scause, zero",,
0000000080006106,,a2:0000000000000a00,,30402673,3,"csrrs   a2, mie, zero",,
000000008000610a,,a1:0000000000000080,,344025f3,3,"csrrs   a1, mip, zero",,
000000008000610e,,a1:00000000037e74d3,,343025f3,3,"csrrs   a1, mtval, zero",,
0000000080006112,,a0:0000000000000004,,14302573,3,"csrrs   a0, stval, zero",,
0000000080006116,,s1:0000000000000c9d,,b02024f3,3,"csrrs   s1, minstret, zero",,
000000008000612e,,a5:0000000080004714,,00000791,3,"c.addi  a5, 4",,
0000000080004714,,s8:0000000000000000,,028ccc33,1,"div     s8, s9, s0",,
0000000080004008,,s8:0000000080006008,,00002c17,3,"auipc   s8, 0x2",,
000000008000400c,,s8:00000000800060fa,,0f2c0c13,3,"addi    s8, s8, 242",,
0000000080004010,,ra:0000000080004014,,000c00e7,3,jalr    s8,,
00000000800060fa,,a5:0000000080004718,,341027f3,3,"csrrs   a5, mepc, zero",,
00000000800060fe,,a4:0000000000000002,,34202773,3,"csrrs   a4, mcause, zero",,
0000000080006102,,a3:0000000000000000,,142026f3,3,"csrrs   a3, scause, zero",,
0000000080006106,,a2:0000000000000a00,,30402673,3,"csrrs   a2, mie, zero",,
000000008000610a,,a1:0000000000000080,,344025f3,3,"csrrs   a1, mip, zero",,
000000008000610e,,a1:00000000c23e7a53,,343025f3,3,"csrrs   a1, mtval, zero",,
0000000080006112,,a0:0000000000000004,,14302573,3,"csrrs   a0, stval, zero",,
0000000080006116,,s1:0000000000000cae,,b02024f3,3,"csrrs   s1, minstret, zero",,
000000008000612e,,a5:000000008000471c,,00000791,3,"c.addi  a5, 4",,
000000008000471c,,fs6:7ff8000000000000,,2aeb0b53,1,"fmin.d  fs6, fs6, fa4",,
0000000080004722,,t3:00000000e07b9722,,607b5e17,1,"auipc   t3, 0x607b5",,
0000000080004008,,s8:0000000080006008,,00002c17,3,"auipc   s8, 0x2",,
000000008000400c,,s8:00000000800060fa,,0f2c0c13,3,"addi    s8, s8, 242",,
0000000080004010,,ra:0000000080004014,,000c00e7,3,jalr    s8,,
00000000800060fa,,a5:0000000080004726,,341027f3,3,"csrrs   a5, mepc, zero",,
00000000800060fe,,a4:0000000000000002,,34202773,3,"csrrs   a4, mcause, zero",,
0000000080006102,,a3:0000000000000000,,142026f3,3,"csrrs   a3, scause, zero",,
0000000080006106,,a2:0000000000000a00,,30402673,3,"csrrs   a2, mie, zero",,
000000008000610a,,a1:0000000000000080,,344025f3,3,"csrrs   a1, mip, zero",,
000000008000610e,,a1:00000000c03e72d3,,343025f3,3,"csrrs   a1, mtval, zero",,
0000000080006112,,a0:0000000000000004,,14302573,3,"csrrs   a0, stval, zero",,
0000000080006116,,s1:0000000000000cc1,,b02024f3,3,"csrrs   s1, minstret, zero",,
000000008000612e,,a5:000000008000472a,,00000791,3,"c.addi  a5, 4",,
000000008000472a,,s6:000000009f8468dd,,016e4b33,1,"xor     s6, t3, s6",,
0000000080004008,,s8:0000000080006008,,00002c17,3,"auipc   s8, 0x2",,
000000008000400c,,s8:00000000800060fa,,0f2c0c13,3,"addi    s8, s8, 242",,
0000000080004010,,ra:0000000080004014,,000c00e7,3,jalr    s8,,
00000000800060fa,,a5:0000000080004732,,341027f3,3,"csrrs   a5, mepc, zero",,
00000000800060fe,,a4:0000000000000002,,34202773,3,"csrrs   a4, mcause, zero",,
0000000080006102,,a3:0000000000000000,,142026f3,3,"csrrs   a3, scause, zero",,
0000000080006106,,a2:0000000000000a00,,30402673,3,"csrrs   a2, mie, zero",,
000000008000610a,,a1:0000000000000080,,344025f3,3,"csrrs   a1, mip, zero",,
000000008000610e,,a1:0000000040177553,,343025f3,3,"csrrs   a1, mtval, zero",,
0000000080006112,,a0:0000000000000004,,14302573,3,"csrrs   a0, stval, zero",,
0000000080006116,,s1:0000000000000cd3,,b02024f3,3,"csrrs   s1, minstret, zero",,
000000008000612e,,a5:0000000080004736,,00000791,3,"c.addi  a5, 4",,
0000000080004736,,fa3:7ff8000000000000,,420686d3,1,"fcvt.d.s fa3, fa3",,
000000008000473a,,a5:0000000080004014,,00fb77b3,1,"and     a5, s6, a5",,
000000008000473e,,tp:0000000000000000,,00082233,1,"slt     tp, a6, zero",,
0000000080004742,,s11:000000002e5e45f4,,00488dbb,1,"addw    s11, a7, tp",,
0000000080004746,,ft8:fff8000000000000,,22509e53,1,"fsgnjn.d ft8, ft1, ft5",,
000000008000474a,,a4:0000000000000000,,0020573b,1,"srlw    a4, zero, sp",,
000000008000474e,,s1:0000000000000000,,02b304bb,1,"mulw    s1, t1, a1",,
0000000080004752,,a4:ffffffffe07b9722,,409e073b,1,"subw    a4, t3, s1",,
0000000080004008,,s8:0000000080006008,,00002c17,3,"auipc   s8, 0x2",,
000000008000400c,,s8:00000000800060fa,,0f2c0c13,3,"addi    s8, s8, 242",,
0000000080004010,,ra:0000000080004014,,000c00e7,3,jalr    s8,,
00000000800060fa,,a5:0000000080004756,,341027f3,3,"csrrs   a5, mepc, zero",,
00000000800060fe,,a4:0000000000000002,,34202773,3,"csrrs   a4, mcause, zero",,
0000000080006102,,a3:0000000000000000,,142026f3,3,"csrrs   a3, scause, zero",,
0000000080006106,,a2:0000000000000a00,,30402673,3,"csrrs   a2, mie, zero",,
000000008000610a,,a1:0000000000000080,,344025f3,3,"csrrs   a1, mip, zero",,
000000008000610e,,a1:000000005a0a7353,,343025f3,3,"csrrs   a1, mtval, zero",,
0000000080006112,,a0:0000000000000004,,14302573,3,"csrrs   a0, stval, zero",,
0000000080006116,,s1:0000000000000ceb,,b02024f3,3,"csrrs   s1, minstret, zero",,
000000008000612e,,a5:000000008000475a,,00000791,3,"c.addi  a5, 4",,
000000008000475a,,t0:0000000000000000,,031682b3,1,"mul     t0, a3, a7",,
000000008000475e,,s11:00000000172f22fa,,001ddd9b,1,"srliw   s11, s11, 1",,
0000000080004008,,s8:0000000080006008,,00002c17,3,"auipc   s8, 0x2",,
000000008000400c,,s8:00000000800060fa,,0f2c0c13,3,"addi    s8, s8, 242",,
0000000080004010,,ra:0000000080004014,,000c00e7,3,jalr    s8,,
00000000800060fa,,a5:0000000080004762,,341027f3,3,"csrrs   a5, mepc, zero",,
00000000800060fe,,a4:0000000000000002,,34202773,3,"csrrs   a4, mcause, zero",,
0000000080006102,,a3:0000000000000000,,142026f3,3,"csrrs   a3, scause, zero",,
0000000080006106,,a2:0000000000000a00,,30402673,3,"csrrs   a2, mie, zero",,
000000008000610a,,a1:0000000000000080,,344025f3,3,"csrrs   a1, mip, zero",,
000000008000610e,,a1:00000000c06fd773,,343025f3,3,"csrrs   a1, mtval, zero",,
0000000080006112,,a0:0000000000000004,,14302573,3,"csrrs   a0, stval, zero",,
0000000080006116,,s1:0000000000000cfd,,b02024f3,3,"csrrs   s1, minstret, zero",,
000000008000612e,,a5:0000000080004766,,00000791,3,"c.addi  a5, 4",,
0000000080004008,,s8:0000000080006008,,00002c17,3,"auipc   s8, 0x2",,
000000008000400c,,s8:00000000800060fa,,0f2c0c13,3,"addi    s8, s8, 242",,
0000000080004010,,ra:0000000080004014,,000c00e7,3,jalr    s8,,
00000000800060fa,,a5:0000000080004766,,341027f3,3,"csrrs   a5, mepc, zero",,
00000000800060fe,,a4:0000000000000002,,34202773,3,"csrrs   a4, mcause, zero",,
0000000080006102,,a3:0000000000000000,,142026f3,3,"csrrs   a3, scause, zero",,
0000000080006106,,a2:0000000000000a00,,30402673,3,"csrrs   a2, mie, zero",,
000000008000610a,,a1:0000000000000080,,344025f3,3,"csrrs   a1, mip, zero",,
000000008000610e,,a1:00000000334cfbc7,,343025f3,3,"csrrs   a1, mtval, zero",,
0000000080006112,,a0:0000000000000004,,14302573,3,"csrrs   a0, stval, zero",,
0000000080006116,,s1:0000000000000d0d,,b02024f3,3,"csrrs   s1, minstret, zero",,
000000008000612e,,a5:000000008000476a,,00000791,3,"c.addi  a5, 4",,
0000000080004008,,s8:0000000080006008,,00002c17,3,"auipc   s8, 0x2",,
000000008000400c,,s8:00000000800060fa,,0f2c0c13,3,"addi    s8, s8, 242",,
0000000080004010,,ra:0000000080004014,,000c00e7,3,jalr    s8,,
00000000800060fa,,a5:000000008000476a,,341027f3,3,"csrrs   a5, mepc, zero",,
00000000800060fe,,a4:0000000000000002,,34202773,3,"csrrs   a4, mcause, zero",,
0000000080006102,,a3:0000000000000000,,142026f3,3,"csrrs   a3, scause, zero",,
0000000080006106,,a2:0000000000000a00,,30402673,3,"csrrs   a2, mie, zero",,
000000008000610a,,a1:0000000000000080,,344025f3,3,"csrrs   a1, mip, zero",,
000000008000610e,,a1:0000000033787843,,343025f3,3,"csrrs   a1, mtval, zero",,
0000000080006112,,a0:0000000000000004,,14302573,3,"csrrs   a0, stval, zero",,
0000000080006116,,s1:0000000000000d1d,,b02024f3,3,"csrrs   s1, minstret, zero",,
000000008000612e,,a5:000000008000476e,,00000791,3,"c.addi  a5, 4",,
0000000080004008,,s8:0000000080006008,,00002c17,3,"auipc   s8, 0x2",,
000000008000400c,,s8:00000000800060fa,,0f2c0c13,3,"addi    s8, s8, 242",,
0000000080004010,,ra:0000000080004014,,000c00e7,3,jalr    s8,,
00000000800060fa,,a5:000000008000476e,,341027f3,3,"csrrs   a5, mepc, zero",,
00000000800060fe,,a4:0000000000000002,,34202773,3,"csrrs   a4, mcause, zero",,
0000000080006102,,a3:0000000000000000,,142026f3,3,"csrrs   a3, scause, zero",,
0000000080006106,,a2:0000000000000a00,,30402673,3,"csrrs   a2, mie, zero",,
000000008000610a,,a1:0000000000000080,,344025f3,3,"csrrs   a1, mip, zero",,
000000008000610e,,a1:00000000c2187353,,343025f3,3,"csrrs   a1, mtval, zero",,
0000000080006112,,a0:0000000000000004,,14302573,3,"csrrs   a0, stval, zero",,
0000000080006116,,s1:0000000000000d2d,,b02024f3,3,"csrrs   s1, minstret, zero",,
000000008000612e,,a5:0000000080004772,,00000791,3,"c.addi  a5, 4",,
0000000080004772,,s2:0000000000000000,,fffa2913,1,"slti    s2, s4, -1",,
0000000080004776,,ra:0000000000000000,,00d6d09b,1,"srliw   ra, a3, 13",,
0000000080004008,,s8:0000000080006008,,00002c17,3,"auipc   s8, 0x2",,
000000008000400c,,s8:00000000800060fa,,0f2c0c13,3,"addi    s8, s8, 242",,
0000000080004010,,ra:0000000080004014,,000c00e7,3,jalr    s8,,
00000000800060fa,,a5:000000008000477a,,341027f3,3,"csrrs   a5, mepc, zero",,
00000000800060fe,,a4:0000000000000002,,34202773,3,"csrrs   a4, mcause, zero",,
0000000080006102,,a3:0000000000000000,,142026f3,3,"csrrs   a3, scause, zero",,
0000000080006106,,a2:0000000000000a00,,30402673,3,"csrrs   a2, mie, zero",,
000000008000610a,,a1:0000000000000080,,344025f3,3,"csrrs   a1, mip, zero",,
000000008000610e,,a1:00000000d0227553,,343025f3,3,"csrrs   a1, mtval, zero",,
0000000080006112,,a0:0000000000000004,,14302573,3,"csrrs   a0, stval, zero",,
0000000080006116,,s1:0000000000000d3f,,b02024f3,3,"csrrs   s1, minstret, zero",,
000000008000612e,,a5:000000008000477e,,00000791,3,"c.addi  a5, 4",,
0000000080004786,,t4:0000000000000000,,a3439ed3,1,"flt.d   t4, ft7, fs4",,
000000008000478a,,ft4:0000000000000000,,f20e8253,1,"fmv.d.x ft4, t4",,
000000008000478e,,s11:0000000000000000,,00631db3,1,"sll     s11, t1, t1",,
0000000080004792,,a5:0000000000000000,,01fd979b,1,"slliw   a5, s11, 31",,
0000000080004796,,a3:00000000119d5796,,919d1697,1,"auipc   a3, 0x919d1",,
0000000080004008,,s8:0000000080006008,,00002c17,3,"auipc   s8, 0x2",,
000000008000400c,,s8:00000000800060fa,,0f2c0c13,3,"addi    s8, s8, 242",,
0000000080004010,,ra:0000000080004014,,000c00e7,3,jalr    s8,,
00000000800060fa,,a5:000000008000479a,,341027f3,3,"csrrs   a5, mepc, zero",,
00000000800060fe,,a4:0000000000000002,,34202773,3,"csrrs   a4, mcause, zero",,
0000000080006102,,a3:0000000000000000,,142026f3,3,"csrrs   a3, scause, zero",,
0000000080006106,,a2:0000000000000a00,,30402673,3,"csrrs   a2, mie, zero",,
000000008000610a,,a1:0000000000000080,,344025f3,3,"csrrs   a1, mip, zero",,
000000008000610e,,a1:00000000c21c7853,,343025f3,3,"csrrs   a1, mtval, zero",,
0000000080006112,,a0:0000000000000004,,14302573,3,"csrrs   a0, stval, zero",,
0000000080006116,,s1:0000000000000d56,,b02024f3,3,"csrrs   s1, minstret, zero",,
000000008000612e,,a5:000000008000479e,,00000791,3,"c.addi  a5, 4",,
000000008000479e,,s9:0000000000000000,,4109dcbb,1,"sraw    s9, s3, a6",,
0000000080004008,,s8:0000000080006008,,00002c17,3,"auipc   s8, 0x2",,
000000008000400c,,s8:00000000800060fa,,0f2c0c13,3,"addi    s8, s8, 242",,
0000000080004010,,ra:0000000080004014,,000c00e7,3,jalr    s8,,
00000000800060fa,,a5:00000000800047a2,,341027f3,3,"csrrs   a5, mepc, zero",,
00000000800060fe,,a4:0000000000000002,,34202773,3,"csrrs   a4, mcause, zero",,
0000000080006102,,a3:0000000000000000,,142026f3,3,"csrrs   a3, scause, zero",,
0000000080006106,,a2:0000000000000a00,,30402673,3,"csrrs   a2, mie, zero",,
000000008000610a,,a1:0000000000000080,,344025f3,3,"csrrs   a1, mip, zero",,
000000008000610e,,a1:00000000d23272d3,,343025f3,3,"csrrs   a1, mtval, zero",,
0000000080006112,,a0:0000000000000004,,14302573,3,"csrrs   a0, stval, zero",,
0000000080006116,,s1:0000000000000d67,,b02024f3,3,"csrrs   s1, minstret, zero",,
000000008000612e,,a5:00000000800047a6,,00000791,3,"c.addi  a5, 4",,
00000000800047a6,,a2:0000000000000a00,,40c65633,1,"sra     a2, a2, a2",,
0000000080004008,,s8:0000000080006008,,00002c17,3,"auipc   s8, 0x2",,
000000008000400c,,s8:00000000800060fa,,0f2c0c13,3,"addi    s8, s8, 242",,
0000000080004010,,ra:0000000080004014,,000c00e7,3,jalr    s8,,
00000000800060fa,,a5:00000000800047aa,,341027f3,3,"csrrs   a5, mepc, zero",,
00000000800060fe,,a4:0000000000000002,,34202773,3,"csrrs   a4, mcause, zero",,
0000000080006102,,a3:0000000000000000,,142026f3,3,"csrrs   a3, scause, zero",,
0000000080006106,,a2:0000000000000a00,,30402673,3,"csrrs   a2, mie, zero",,
000000008000610a,,a1:0000000000000080,,344025f3,3,"csrrs   a1, mip, zero",,
000000008000610e,,a1:00000000747e52f3,,343025f3,3,"csrrs   a1, mtval, zero",,
0000000080006112,,a0:0000000000000004,,14302573,3,"csrrs   a0, stval, zero",,
0000000080006116,,s1:0000000000000d78,,b02024f3,3,"csrrs   s1, minstret, zero",,
000000008000612e,,a5:00000000800047ae,,00000791,3,"c.addi  a5, 4",,
00000000800047ae,,s7:0000000000000000,,00c2dbbb,1,"srlw    s7, t0, a2",,
0000000080004008,,s8:0000000080006008,,00002c17,3,"auipc   s8, 0x2",,
000000008000400c,,s8:00000000800060fa,,0f2c0c13,3,"addi    s8, s8, 242",,
0000000080004010,,ra:0000000080004014,,000c00e7,3,jalr    s8,,
00000000800060fa,,a5:00000000800047b2,,341027f3,3,"csrrs   a5, mepc, zero",,
00000000800060fe,,a4:0000000000000002,,34202773,3,"csrrs   a4, mcause, zero",,
0000000080006102,,a3:0000000000000000,,142026f3,3,"csrrs   a3, scause, zero",,
0000000080006106,,a2:0000000000000a00,,30402673,3,"csrrs   a2, mie, zero",,
000000008000610a,,a1:0000000000000080,,344025f3,3,"csrrs   a1, mip, zero",,
000000008000610e,,a1:0000000002cbfbd3,,343025f3,3,"csrrs   a1, mtval, zero",,
0000000080006112,,a0:0000000000000004,,14302573,3,"csrrs   a0, stval, zero",,
0000000080006116,,s1:0000000000000d89,,b02024f3,3,"csrrs   s1, minstret, zero",,
000000008000612e,,a5:00000000800047b6,,00000791,3,"c.addi  a5, 4",,
00000000800047b6,,ra:000000002f543000,,2f5430b7,1,"lui     ra, 0x2f543",,
0000000080004008,,s8:0000000080006008,,00002c17,3,"auipc   s8, 0x2",,
000000008000400c,,s8:00000000800060fa,,0f2c0c13,3,"addi    s8, s8, 242",,
0000000080004010,,ra:0000000080004014,,000c00e7,3,jalr    s8,,
00000000800060fa,,a5:00000000800047ba,,341027f3,3,"csrrs   a5, mepc, zero",,
00000000800060fe,,a4:0000000000000002,,34202773,3,"csrrs   a4, mcause, zero",,
0000000080006102,,a3:0000000000000000,,142026f3,3,"csrrs   a3, scause, zero",,
0000000080006106,,a2:0000000000000a00,,30402673,3,"csrrs   a2, mie, zero",,
000000008000610a,,a1:0000000000000080,,344025f3,3,"csrrs   a1, mip, zero",,
000000008000610e,,a1:00000000c02bf053,,343025f3,3,"csrrs   a1, mtval, zero",,
0000000080006112,,a0:0000000000000004,,14302573,3,"csrrs   a0, stval, zero",,
0000000080006116,,s1:0000000000000d9a,,b02024f3,3,"csrrs   s1, minstret, zero",,
000000008000612e,,a5:00000000800047be,,00000791,3,"c.addi  a5, 4",,
0000000080004008,,s8:0000000080006008,,00002c17,3,"auipc   s8, 0x2",,
000000008000400c,,s8:00000000800060fa,,0f2c0c13,3,"addi    s8, s8, 242",,
0000000080004010,,ra:0000000080004014,,000c00e7,3,jalr    s8,,
00000000800060fa,,a5:00000000800047be,,341027f3,3,"csrrs   a5, mepc, zero",,
00000000800060fe,,a4:0000000000000002,,34202773,3,"csrrs   a4, mcause, zero",,
0000000080006102,,a3:0000000000000000,,142026f3,3,"csrrs   a3, scause, zero",,
0000000080006106,,a2:0000000000000a00,,30402673,3,"csrrs   a2, mie, zero",,
000000008000610a,,a1:0000000000000080,,344025f3,3,"csrrs   a1, mip, zero",,
000000008000610e,,a1:00000000127bf8d3,,343025f3,3,"csrrs   a1, mtval, zero",,
0000000080006112,,a0:0000000000000004,,14302573,3,"csrrs   a0, stval, zero",,
0000000080006116,,s1:0000000000000daa,,b02024f3,3,"csrrs   s1, minstret, zero",,
000000008000612e,,a5:00000000800047c2,,00000791,3,"c.addi  a5, 4",,
00000000800047c2,,s4:0000000000baa000,,00baaa37,1,"lui     s4, 0xbaa",,
00000000800047c6,,s4:0000000000ba9a1b,,a1ba0a1b,1,"addiw   s4, s4, -1509",,
00000000800047ca,,s4:0000001753436000,,00000a36,1,"c.slli  s4, 13",,
00000000800047cc,,s4:00000017534363ef,,3efa0a13,1,"addi    s4, s4, 1007",,
0000000080004008,,s8:0000000080006008,,00002c17,3,"auipc   s8, 0x2",,
000000008000400c,,s8:00000000800060fa,,0f2c0c13,3,"addi    s8, s8, 242",,
0000000080004010,,ra:0000000080004014,,000c00e7,3,jalr    s8,,
00000000800060fa,,a5:00000000800047d0,,341027f3,3,"csrrs   a5, mepc, zero",,
00000000800060fe,,a4:0000000000000002,,34202773,3,"csrrs   a4, mcause, zero",,
0000000080006102,,a3:0000000000000000,,142026f3,3,"csrrs   a3, scause, zero",,
0000000080006106,,a2:0000000000000a00,,30402673,3,"csrrs   a2, mie, zero",,
000000008000610a,,a1:0000000000000080,,344025f3,3,"csrrs   a1, mip, zero",,
000000008000610e,,a1:0000000053487847,,343025f3,3,"csrrs   a1, mtval, zero",,
0000000080006112,,a0:0000000000000004,,14302573,3,"csrrs   a0, stval, zero",,
0000000080006116,,s1:0000000000000dbe,,b02024f3,3,"csrrs   s1, minstret, zero",,
000000008000612e,,a5:00000000800047d4,,00000791,3,"c.addi  a5, 4",,
0000000080004008,,s8:0000000080006008,,00002c17,3,"auipc   s8, 0x2",,
000000008000400c,,s8:00000000800060fa,,0f2c0c13,3,"addi    s8, s8, 242",,
0000000080004010,,ra:0000000080004014,,000c00e7,3,jalr    s8,,
00000000800060fa,,a5:00000000800047d4,,341027f3,3,"csrrs   a5, mepc, zero",,
00000000800060fe,,a4:0000000000000002,,34202773,3,"csrrs   a4, mcause, zero",,
0000000080006102,,a3:0000000000000000,,142026f3,3,"csrrs   a3, scause, zero",,
0000000080006106,,a2:0000000000000a00,,30402673,3,"csrrs   a2, mie, zero",,
000000008000610a,,a1:0000000000000080,,344025f3,3,"csrrs   a1, mip, zero",,
000000008000610e,,a1:00000000c03779d3,,343025f3,3,"csrrs   a1, mtval, zero",,
0000000080006112,,a0:0000000000000004,,14302573,3,"csrrs   a0, stval, zero",,
0000000080006116,,s1:0000000000000dce,,b02024f3,3,"csrrs   s1, minstret, zero",,
000000008000612e,,a5:00000000800047d8,,00000791,3,"c.addi  a5, 4",,
00000000800047d8,,a1:0000000000000000,,02b1e5bb,1,"remw    a1, gp, a1",,
00000000800047dc,,ra:00000000459f67dc,,c59f2097,1,"auipc   ra, 0xc59f2",,
00000000800047e0,,s1:000000175343658f,,1a0a0493,1,"addi    s1, s4, 416",,
00000000800047e4,,s5:0000000000000000,,02458abb,1,"mulw    s5, a1, tp",,
00000000800047e8,,t1:0000000000000011,,00102373,1,"csrrs   t1, fflags, zero",,
00000000800047ec,,s4:7ff8000000000000,,e2088a53,1,"fmv.x.d s4, fa7",,
0000000080004008,,s8:0000000080006008,,00002c17,3,"auipc   s8, 0x2",,
000000008000400c,,s8:00000000800060fa,,0f2c0c13,3,"addi    s8, s8, 242",,
0000000080004010,,ra:0000000080004014,,000c00e7,3,jalr    s8,,
00000000800060fa,,a5:00000000800047f0,,341027f3,3,"csrrs   a5, mepc, zero",,
00000000800060fe,,a4:0000000000000002,,34202773,3,"csrrs   a4, mcause, zero",,
0000000080006102,,a3:0000000000000000,,142026f3,3,"csrrs   a3, scause, zero",,
0000000080006106,,a2:0000000000000a00,,30402673,3,"csrrs   a2, mie, zero",,
000000008000610a,,a1:0000000000000080,,344025f3,3,"csrrs   a1, mip, zero",,
000000008000610e,,a1:00000000d2227b53,,343025f3,3,"csrrs   a1, mtval, zero",,
0000000080006112,,a0:0000000000000004,,14302573,3,"csrrs   a0, stval, zero",,
0000000080006116,,s1:0000000000000de4,,b02024f3,3,"csrrs   s1, minstret, zero",,
000000008000612e,,a5:00000000800047f4,,00000791,3,"c.addi  a5, 4",,
00000000800047f4,,gp:0000000000000000,,03fa1193,1,"slli    gp, s4, 63",,
00000000800047f8,,s1:00000000b17a77f8,,317a3497,1,"auipc   s1, 0x317a3",,
00000000800047fc,,t4:fffffffffff825d9,,02c4cebb,1,"divw    t4, s1, a2",,
0000000080004804,,sp:0000000000000001,,001b811b,1,"addiw   sp, s7, 1",,
0000000080004808,,s10:00000000000007ff,,7ffb8d1b,1,"addiw   s10, s7, 2047",,
000000008000480c,,a7:0000000000000000,,029b58bb,1,"divuw   a7, s6, s1",,
0000000080004810,,gp:fffffffffffff800,,80026193,1,"ori     gp, tp, -2048",,
0000000080004008,,s8:0000000080006008,,00002c17,3,"auipc   s8, 0x2",,
000000008000400c,,s8:00000000800060fa,,0f2c0c13,3,"addi    s8, s8, 242",,
0000000080004010,,ra:0000000080004014,,000c00e7,3,jalr    s8,,
00000000800060fa,,a5:0000000080004814,,341027f3,3,"csrrs   a5, mepc, zero",,
00000000800060fe,,a4:0000000000000002,,34202773,3,"csrrs   a4, mcause, zero",,
0000000080006102,,a3:0000000000000000,,142026f3,3,"csrrs   a3, scause, zero",,
0000000080006106,,a2:0000000000000a00,,30402673,3,"csrrs   a2, mie, zero",,
000000008000610a,,a1:0000000000000080,,344025f3,3,"csrrs   a1, mip, zero",,
000000008000610e,,a1:000000007339f04f,,343025f3,3,"csrrs   a1, mtval, zero",,
0000000080006112,,a0:0000000000000004,,14302573,3,"csrrs   a0, stval, zero",,
0000000080006116,,s1:0000000000000dfc,,b02024f3,3,"csrrs   s1, minstret, zero",,
000000008000612e,,a5:0000000080004818,,00000791,3,"c.addi  a5, 4",,
0000000080004818,,fs7:7ff8000000000000,,2aec0bd3,1,"fmin.d  fs7, fs8, fa4",,
000000008000481c,,a5:0000000000000001,,01a127b3,1,"slt     a5, sp, s10",,
0000000080004008,,s8:0000000080006008,,00002c17,3,"auipc   s8, 0x2",,
000000008000400c,,s8:00000000800060fa,,0f2c0c13,3,"addi    s8, s8, 242",,
0000000080004010,,ra:0000000080004014,,000c00e7,3,jalr    s8,,
00000000800060fa,,a5:0000000080004820,,341027f3,3,"csrrs   a5, mepc, zero",,
00000000800060fe,,a4:0000000000000002,,34202773,3,"csrrs   a4, mcause, zero",,
0000000080006102,,a3:0000000000000000,,142026f3,3,"csrrs   a3, scause, zero",,
0000000080006106,,a2:0000000000000a00,,30402673,3,"csrrs   a2, mie, zero",,
000000008000610a,,a1:0000000000000080,,344025f3,3,"csrrs   a1, mip, zero",,
000000008000610e,,a1:00000000037f7953,,343025f3,3,"csrrs   a1, mtval, zero",,
0000000080006112,,a0:0000000000000004,,14302573,3,"csrrs   a0, stval, zero",,
0000000080006116,,s1:0000000000000e0e,,b02024f3,3,"csrrs   s1, minstret, zero",,
000000008000612e,,a5:0000000080004824,,00000791,3,"c.addi  a5, 4",,
0000000080004824,,t1:0000000000000006,,00202373,1,"csrrs   t1, frm, zero",,
0000000080004828,,t4:0000000000000806,,40330ebb,1,"subw    t4, t1, gp",,
000000008000482c,,tp:0000000000000000,,a2068253,1,"fle.d   tp, fa3, ft0",,
0000000080004830,,t2:0000000000000000,,019003bb,1,"addw    t2, zero, s9",,
0000000080004834,,t4:0000000000000004,,00a38eb3,1,"add     t4, t2, a0",,
0000000080004838,,s10:0000000000000000,,408edd3b,1,"sraw    s10, t4, s0",,
0000000080004008,,s8:0000000080006008,,00002c17,3,"auipc   s8, 0x2",,
000000008000400c,,s8:00000000800060fa,,0f2c0c13,3,"addi    s8, s8, 242",,
0000000080004010,,ra:0000000080004014,,000c00e7,3,jalr    s8,,
00000000800060fa,,a5:000000008000483e,,341027f3,3,"csrrs   a5, mepc, zero",,
00000000800060fe,,a4:0000000000000002,,34202773,3,"csrrs   a4, mcause, zero",,
0000000080006102,,a3:0000000000000000,,142026f3,3,"csrrs   a3, scause, zero",,
0000000080006106,,a2:0000000000000a00,,30402673,3,"csrrs   a2, mie, zero",,
000000008000610a,,a1:0000000000000080,,344025f3,3,"csrrs   a1, mip, zero",,
000000008000610e,,a1:00000000f111a1f3,,343025f3,3,"csrrs   a1, mtval, zero",,
0000000080006112,,a0:0000000000000004,,14302573,3,"csrrs   a0, stval, zero",,
0000000080006116,,s1:0000000000000e25,,b02024f3,3,"csrrs   s1, minstret, zero",,
000000008000612e,,a5:0000000080004842,,00000791,3,"c.addi  a5, 4",,
0000000080004008,,s8:0000000080006008,,00002c17,3,"auipc   s8, 0x2",,
000000008000400c,,s8:00000000800060fa,,0f2c0c13,3,"addi    s8, s8, 242",,
0000000080004010,,ra:0000000080004014,,000c00e7,3,jalr    s8,,
00000000800060fa,,a5:0000000080004842,,341027f3,3,"csrrs   a5, mepc, zero",,
00000000800060fe,,a4:0000000000000002,,34202773,3,"csrrs   a4, mcause, zero",,
0000000080006102,,a3:0000000000000000,,142026f3,3,"csrrs   a3, scause, zero",,
0000000080006106,,a2:0000000000000a00,,30402673,3,"csrrs   a2, mie, zero",,
000000008000610a,,a1:0000000000000080,,344025f3,3,"csrrs   a1, mip, zero",,
000000008000610e,,a1:00000000401ff253,,343025f3,3,"csrrs   a1, mtval, zero",,
0000000080006112,,a0:0000000000000004,,14302573,3,"csrrs   a0, stval, zero",,
0000000080006116,,s1:0000000000000e35,,b02024f3,3,"csrrs   s1, minstret, zero",,
000000008000612e,,a5:0000000080004846,,00000791,3,"c.addi  a5, 4",,
0000000080004008,,s8:0000000080006008,,00002c17,3,"auipc   s8, 0x2",,
000000008000400c,,s8:00000000800060fa,,0f2c0c13,3,"addi    s8, s8, 242",,
0000000080004010,,ra:0000000080004014,,000c00e7,3,jalr    s8,,
00000000800060fa,,a5:0000000080004846,,341027f3,3,"csrrs   a5, mepc, zero",,
00000000800060fe,,a4:0000000000000002,,34202773,3,"csrrs   a4, mcause, zero",,
0000000080006102,,a3:0000000000000000,,142026f3,3,"csrrs   a3, scause, zero",,
0000000080006106,,a2:0000000000000a00,,30402673,3,"csrrs   a2, mie, zero",,
000000008000610a,,a1:0000000000000080,,344025f3,3,"csrrs   a1, mip, zero",,
000000008000610e,,a1:000000008b857b4b,,343025f3,3,"csrrs   a1, mtval, zero",,
0000000080006112,,a0:0000000000000004,,14302573,3,"csrrs   a0, stval, zero",,
0000000080006116,,s1:0000000000000e45,,b02024f3,3,"csrrs   s1, minstret, zero",,
000000008000612e,,a5:000000008000484a,,00000791,3,"c.addi  a5, 4",,
000000008000484a,,s11:0000000000000000,,0213ddb3,1,"divu    s11, t2, ra",,
000000008000484e,,s10:0000000000000000,,40d20d33,1,"sub     s10, tp, a3",,
0000000080004856,,t0:7ff8000000000000,,e20b02d3,1,"fmv.x.d t0, fs6",,
000000008000485a,,t2:7ff8000000000000,,0202f3b3,1,"remu    t2, t0, zero",,
000000008000485e,,s8:fffffffff85e3000,,f85e3c37,1,"lui     s8, 0xf85e3",,
0000000080004862,,s8:fffffffff85e2c4b,,c4bc0c1b,1,"addiw   s8, s8, -949",,
0000000080004866,,s8:ffffff85e2c4b000,,00000c32,1,"c.slli  s8, 12",,
0000000080004868,,s8:ffffff85e2c4af07,,f07c0c13,1,"addi    s8, s8, -249",,
000000008000486c,,gp:0000000000000000,,400bd193,1,"srai    gp, s7, 0",,
0000000080004870,,ra:0000000000000001,,001b809b,1,"addiw   ra, s7, 1",,
0000000080004874,,s11:0000000000000006,,002b1df3,1,"csrrw   s11, frm, s6",,
0000000080004878,,gp:0000000009ea0f9f,,028b71b3,1,"remu    gp, s6, s0",,
000000008000487c,,ra:0000000000000011,,001020f3,1,"csrrs   ra, fflags, zero",,
0000000080004008,,s8:0000000080006008,,00002c17,3,"auipc   s8, 0x2",,
000000008000400c,,s8:00000000800060fa,,0f2c0c13,3,"addi    s8, s8, 242",,
0000000080004010,,ra:0000000080004014,,000c00e7,3,jalr    s8,,
00000000800060fa,,a5:0000000080004880,,341027f3,3,"csrrs   a5, mepc, zero",,
00000000800060fe,,a4:0000000000000002,,34202773,3,"csrrs   a4, mcause, zero",,
0000000080006102,,a3:0000000000000000,,142026f3,3,"csrrs   a3, scause, zero",,
0000000080006106,,a2:0000000000000a00,,30402673,3,"csrrs   a2, mie, zero",,
000000008000610a,,a1:0000000000000080,,344025f3,3,"csrrs   a1, mip, zero",,
000000008000610e,,a1:0000000013c9f9d3,,343025f3,3,"csrrs   a1, mtval, zero",,
0000000080006112,,a0:0000000000000004,,14302573,3,"csrrs   a0, stval, zero",,
0000000080006116,,s1:0000000000000e63,,b02024f3,3,"csrrs   s1, minstret, zero",,
000000008000612e,,a5:0000000080004884,,00000791,3,"c.addi  a5, 4",,
0000000080004884,,a1:ffffffff9f8468dd,,40db05bb,1,"subw    a1, s6, a3",,
0000000080004888,,s8:0000000000000000,,40020c3b,1,"subw    s8, tp, zero",,
0000000080004008,,s8:0000000080006008,,00002c17,3,"auipc   s8, 0x2",,
000000008000400c,,s8:00000000800060fa,,0f2c0c13,3,"addi    s8, s8, 242",,
0000000080004010,,ra:0000000080004014,,000c00e7,3,jalr    s8,,
00000000800060fa,,a5:000000008000488c,,341027f3,3,"csrrs   a5, mepc, zero",,
00000000800060fe,,a4:0000000000000002,,34202773,3,"csrrs   a4, mcause, zero",,
0000000080006102,,a3:0000000000000000,,142026f3,3,"csrrs   a3, scause, zero",,
0000000080006106,,a2:0000000000000a00,,30402673,3,"csrrs   a2, mie, zero",,
000000008000610a,,a1:0000000000000080,,344025f3,3,"csrrs   a1, mip, zero",,
000000008000610e,,a1:00000000c211f8d3,,343025f3,3,"csrrs   a1, mtval, zero",,
0000000080006112,,a0:0000000000000004,,14302573,3,"csrrs   a0, stval, zero",,
0000000080006116,,s1:0000000000000e75,,b02024f3,3,"csrrs   s1, minstret, zero",,
000000008000612e,,a5:0000000080004890,,00000791,3,"c.addi  a5, 4",,
0000000080004890,,tp:0000000000000006,,41435233,1,"sra     tp, t1, s4",,
0000000080004894,,fs9:0000000000000000,,d20d0cd3,1,"fcvt.d.w fs9, s10",,
0000000080004898,,s9:0000000000000000,,0018fc93,1,"andi    s9, a7, 1",,
000000008000489c,,s7:00000000e07b9722,,01c96bb3,1,"or      s7, s2, t3",,
00000000800048a0,,tp:0000000000000000,,020d6233,1,"rem     tp, s10, zero",,
00000000800048a4,,t2:00000000e07b9722,,000be3b3,1,"or      t2, s7, zero",,
00000000800048a8,,a2:0000000000000000,,0211c63b,1,"divw    a2, gp, ra",,
00000000800048ac,,a0:0000000000000000,,03221513,1,"slli    a0, tp, 50",,
00000000800048b0,,a3:ffffffffffffffff,,02c546bb,1,"divw    a3, a0, a2",,
00000000800048b4,,t2:0000000000000005,,002023f3,1,"csrrs   t2, frm, zero",,
0000000080004008,,s8:0000000080006008,,00002c17,3,"auipc   s8, 0x2",,
000000008000400c,,s8:00000000800060fa,,0f2c0c13,3,"addi    s8, s8, 242",,
0000000080004010,,ra:0000000080004014,,000c00e7,3,jalr    s8,,
00000000800060fa,,a5:00000000800048b8,,341027f3,3,"csrrs   a5, mepc, zero",,
00000000800060fe,,a4:0000000000000002,,34202773,3,"csrrs   a4, mcause, zero",,
0000000080006102,,a3:0000000000000000,,142026f3,3,"csrrs   a3, scause, zero",,
0000000080006106,,a2:0000000000000a00,,30402673,3,"csrrs   a2, mie, zero",,
000000008000610a,,a1:0000000000000080,,344025f3,3,"csrrs   a1, mip, zero",,
000000008000610e,,a1:00000000e21fffcf,,343025f3,3,"csrrs   a1, mtval, zero",,
0000000080006112,,a0:0000000000000004,,14302573,3,"csrrs   a0, stval, zero",,
0000000080006116,,s1:0000000000000e8f,,b02024f3,3,"csrrs   s1, minstret, zero",,
000000008000612e,,a5:00000000800048bc,,00000791,3,"c.addi  a5, 4",,
00000000800048bc,,t1:00000000cacd6423,,0087c333,1,"xor     t1, a5, s0",,
00000000800048c0,,sp:0000000000000001,,0029c133,1,"xor     sp, s3, sp",,
0000000080004008,,s8:0000000080006008,,00002c17,3,"auipc   s8, 0x2",,
000000008000400c,,s8:00000000800060fa,,0f2c0c13,3,"addi    s8, s8, 242",,
0000000080004010,,ra:0000000080004014,,000c00e7,3,jalr    s8,,
00000000800060fa,,a5:00000000800048c4,,341027f3,3,"csrrs   a5, mepc, zero",,
00000000800060fe,,a4:0000000000000002,,34202773,3,"csrrs   a4, mcause, zero",,
0000000080006102,,a3:0000000000000000,,142026f3,3,"csrrs   a3, scause, zero",,
0000000080006106,,a2:0000000000000a00,,30402673,3,"csrrs   a2, mie, zero",,
000000008000610a,,a1:0000000000000080,,344025f3,3,"csrrs   a1, mip, zero",,
000000008000610e,,a1:00000000023ff553,,343025f3,3,"csrrs   a1, mtval, zero",,
0000000080006112,,a0:0000000000000004,,14302573,3,"csrrs   a0, stval, zero",,
0000000080006116,,s1:0000000000000ea1,,b02024f3,3,"csrrs   s1, minstret, zero",,
000000008000612e,,a5:00000000800048c8,,00000791,3,"c.addi  a5, 4",,
00000000800048c8,,ra:0000000031924e1b,,023380bb,1,"mulw    ra, t2, gp",,
0000000080004008,,s8:0000000080006008,,00002c17,3,"auipc   s8, 0x2",,
000000008000400c,,s8:00000000800060fa,,0f2c0c13,3,"addi    s8, s8, 242",,
0000000080004010,,ra:0000000080004014,,000c00e7,3,jalr    s8,,
00000000800060fa,,a5:00000000800048cc,,341027f3,3,"csrrs   a5, mepc, zero",,
00000000800060fe,,a4:0000000000000002,,34202773,3,"csrrs   a4, mcause, zero",,
0000000080006102,,a3:0000000000000000,,142026f3,3,"csrrs   a3, scause, zero",,
0000000080006106,,a2:0000000000000a00,,30402673,3,"csrrs   a2, mie, zero",,
000000008000610a,,a1:0000000000000080,,344025f3,3,"csrrs   a1, mip, zero",,
000000008000610e,,a1:000000005a00fad3,,343025f3,3,"csrrs   a1, mtval, zero",,
0000000080006112,,a0:0000000000000004,,14302573,3,"csrrs   a0, stval, zero",,
0000000080006116,,s1:0000000000000eb2,,b02024f3,3,"csrrs   s1, minstret, zero",,
000000008000612e,,a5:00000000800048d0,,00000791,3,"c.addi  a5, 4",,
00000000800048d2,,s11:0000000000000000,,00ce2db3,1,"slt     s11, t3, a2",,
00000000800048d6,,t0:0000000000000000,,038252b3,1,"divu    t0, tp, s8",,
0000000080004008,,s8:0000000080006008,,00002c17,3,"auipc   s8, 0x2",,
000000008000400c,,s8:00000000800060fa,,0f2c0c13,3,"addi    s8, s8, 242",,
0000000080004010,,ra:0000000080004014,,000c00e7,3,jalr    s8,,
00000000800060fa,,a5:00000000800048da,,341027f3,3,"csrrs   a5, mepc, zero",,
00000000800060fe,,a4:0000000000000002,,34202773,3,"csrrs   a4, mcause, zero",,
0000000080006102,,a3:0000000000000000,,142026f3,3,"csrrs   a3, scause, zero",,
0000000080006106,,a2:0000000000000a00,,30402673,3,"csrrs   a2, mie, zero",,
000000008000610a,,a1:0000000000000080,,344025f3,3,"csrrs   a1, mip, zero",,
000000008000610e,,a1:00000000c201f953,,343025f3,3,"csrrs   a1, mtval, zero",,
0000000080006112,,a0:0000000000000004,,14302573,3,"csrrs   a0, stval, zero",,
0000000080006116,,s1:0000000000000ec5,,b02024f3,3,"csrrs   s1, minstret, zero",,
000000008000612e,,a5:00000000800048de,,00000791,3,"c.addi  a5, 4",,
00000000800048de,,a5:0000000000000000,,02f227b3,1,"mulhsu  a5, tp, a5",,
00000000800048e2,,s1:0000000000000000,,80077493,1,"andi    s1, a4, -2048",,
00000000800048e6,,fs1:7ff8000000000000,,2a1e94d3,1,"fmax.d  fs1, ft9, ft1",,
00000000800048ea,,a2:0000000000000000,,5f577613,1,"andi    a2, a4, 1525",,
00000000800048ee,,s4:00000000e07b9722,,00ee6a33,1,"or      s4, t3, a4",,
00000000800048f2,,a0:ffffffffcbec08f2,,00b1853b,1,"addw    a0, gp, a1",,
0000000080004008,,s8:0000000080006008,,00002c17,3,"auipc   s8, 0x2",,
000000008000400c,,s8:00000000800060fa,,0f2c0c13,3,"addi    s8, s8, 242",,
0000000080004010,,ra:0000000080004014,,000c00e7,3,jalr    s8,,
00000000800060fa,,a5:00000000800048f6,,341027f3,3,"csrrs   a5, mepc, zero",,
00000000800060fe,,a4:0000000000000002,,34202773,3,"csrrs   a4, mcause, zero",,
0000000080006102,,a3:0000000000000000,,142026f3,3,"csrrs   a3, scause, zero",,
0000000080006106,,a2:0000000000000a00,,30402673,3,"csrrs   a2, mie, zero",,
000000008000610a,,a1:0000000000000080,,344025f3,3,"csrrs   a1, mip, zero",,
000000008000610e,,a1:0000000030691af3,,343025f3,3,"csrrs   a1, mtval, zero",,
0000000080006112,,a0:0000000000000004,,14302573,3,"csrrs   a0, stval, zero",,
0000000080006116,,s1:0000000000000edb,,b02024f3,3,"csrrs   s1, minstret, zero",,
000000008000612e,,a5:00000000800048fa,,00000791,3,"c.addi  a5, 4",,
00000000800048fa,,t4:0000000000000000,,03d5aeb3,1,"mulhsu  t4, a1, t4",,
0000000080004008,,s8:0000000080006008,,00002c17,3,"auipc   s8, 0x2",,
000000008000400c,,s8:00000000800060fa,,0f2c0c13,3,"addi    s8, s8, 242",,
0000000080004010,,ra:0000000080004014,,000c00e7,3,jalr    s8,,
00000000800060fa,,a5:00000000800048fe,,341027f3,3,"csrrs   a5, mepc, zero",,
00000000800060fe,,a4:0000000000000002,,34202773,3,"csrrs   a4, mcause, zero",,
0000000080006102,,a3:0000000000000000,,142026f3,3,"csrrs   a3, scause, zero",,
0000000080006106,,a2:0000000000000a00,,30402673,3,"csrrs   a2, mie, zero",,
000000008000610a,,a1:0000000000000080,,344025f3,3,"csrrs   a1, mip, zero",,
000000008000610e,,a1:000000005a0c7c53,,343025f3,3,"csrrs   a1, mtval, zero",,
0000000080006112,,a0:0000000000000004,,14302573,3,"csrrs   a0, stval, zero",,
0000000080006116,,s1:0000000000000eec,,b02024f3,3,"csrrs   s1, minstret, zero",,
000000008000612e,,a5:0000000080004902,,00000791,3,"c.addi  a5, 4",,
0000000080004902,,s9:0000000000000005,,002a9cf3,1,"csrrw   s9, frm, s5",,
0000000080004906,,t4:0000000000000000,,00202ef3,1,"csrrs   t4, frm, zero",,
0000000080004008,,s8:0000000080006008,,00002c17,3,"auipc   s8, 0x2",,
000000008000400c,,s8:00000000800060fa,,0f2c0c13,3,"addi    s8, s8, 242",,
0000000080004010,,ra:0000000080004014,,000c00e7,3,jalr    s8,,
00000000800060fa,,a5:000000008000490a,,341027f3,3,"csrrs   a5, mepc, zero",,
00000000800060fe,,a4:0000000000000002,,34202773,3,"csrrs   a4, mcause, zero",,
0000000080006102,,a3:0000000000000000,,142026f3,3,"csrrs   a3, scause, zero",,
0000000080006106,,a2:0000000000000a00,,30402673,3,"csrrs   a2, mie, zero",,
000000008000610a,,a1:0000000000000080,,344025f3,3,"csrrs   a1, mip, zero",,
000000008000610e,,a1:0000000030623273,,343025f3,3,"csrrs   a1, mtval, zero",,
0000000080006112,,a0:0000000000000004,,14302573,3,"csrrs   a0, stval, zero",,
0000000080006116,,s1:0000000000000efe,,b02024f3,3,"csrrs   s1, minstret, zero",,
000000008000612e,,a5:000000008000490e,,00000791,3,"c.addi  a5, 4",,
000000008000490e,,ra:0000000000000011,,001020f3,1,"csrrs   ra, fflags, zero",,
0000000080004912,,fa0:0000000000000000,,238d0553,1,"fsgnj.d fa0, fs10, fs8",,
0000000080004916,,ft0:ffffffff00000000,,d0227053,1,"fcvt.s.l ft0, tp",,
000000008000491a,,gp:0000000000000000,,032971bb,1,"remuw   gp, s2, s2",,
000000008000491e,,fa2:0000000000000000,,f2018653,1,"fmv.d.x fa2, gp",,
0000000080004922,,t1:ffffffffffffffff,,fff20313,1,"addi    t1, tp, -1",,
0000000080004926,,a6:0000000000000000,,0061d833,1,"srl     a6, gp, t1",,
000000008000492a,,gp:0000000000000000,,4081d193,1,"srai    gp, gp, 8",,
000000008000492e,,ft4:00000000e07b9722,,f20e0253,1,"fmv.d.x ft4, t3",,
0000000080004934,,a5:0000000000000000,,009d97bb,1,"sllw    a5, s11, s1",,
0000000080004008,,s8:0000000080006008,,00002c17,3,"auipc   s8, 0x2",,
000000008000400c,,s8:00000000800060fa,,0f2c0c13,3,"addi    s8, s8, 242",,
0000000080004010,,ra:0000000080004014,,000c00e7,3,jalr    s8,,
00000000800060fa,,a5:0000000080004938,,341027f3,3,"csrrs   a5, mepc, zero",,
00000000800060fe,,a4:0000000000000002,,34202773,3,"csrrs   a4, mcause, zero",,
0000000080006102,,a3:0000000000000000,,142026f3,3,"csrrs   a3, scause, zero",,
0000000080006106,,a2:0000000000000a00,,30402673,3,"csrrs   a2, mie, zero",,
000000008000610a,,a1:0000000000000080,,344025f3,3,"csrrs   a1, mip, zero",,
000000008000610e,,a1:00000000c80c9cf3,,343025f3,3,"csrrs   a1, mtval, zero",,
0000000080006112,,a0:0000000000000004,,14302573,3,"csrrs   a0, stval, zero",,
0000000080006116,,s1:0000000000000f19,,b02024f3,3,"csrrs   s1, minstret, zero",,
000000008000612e,,a5:000000008000493c,,00000791,3,"c.addi  a5, 4",,
0000000080004008,,s8:0000000080006008,,00002c17,3,"auipc   s8, 0x2",,
000000008000400c,,s8:00000000800060fa,,0f2c0c13,3,"addi    s8, s8, 242",,
0000000080004010,,ra:0000000080004014,,000c00e7,3,jalr    s8,,
00000000800060fa,,a5:000000008000493c,,341027f3,3,"csrrs   a5, mepc, zero",,
00000000800060fe,,a4:0000000000000002,,34202773,3,"csrrs   a4, mcause, zero",,
0000000080006102,,a3:0000000000000000,,142026f3,3,"csrrs   a3, scause, zero",,
0000000080006106,,a2:0000000000000a00,,30402673,3,"csrrs   a2, mie, zero",,
000000008000610a,,a1:0000000000000080,,344025f3,3,"csrrs   a1, mip, zero",,
000000008000610e,,a1:00000000c03065f3,,343025f3,3,"csrrs   a1, mtval, zero",,
0000000080006112,,a0:0000000000000004,,14302573,3,"csrrs   a0, stval, zero",,
0000000080006116,,s1:0000000000000f29,,b02024f3,3,"csrrs   s1, minstret, zero",,
000000008000612e,,a5:0000000080004940,,00000791,3,"c.addi  a5, 4",,
0000000080004940,,a2:ffffffffc00024a0,,4017d61b,1,"sraiw   a2, a5, 1",,
0000000080004944,,s1:ffffffff80004940,,4007d49b,1,"sraiw   s1, a5, 0",,
0000000080004948,,s8:0000000000000001,,01422c33,1,"slt     s8, tp, s4",,
000000008000494c,,t4:ffffffff893fc000,,893fceb7,1,"lui     t4, 0x893fc",,
0000000080004950,,fa3:00000000e07b9722,,23d216d3,1,"fsgnjn.d fa3, ft4, ft9",,
0000000080004954,,ft11:7ff8000000000000,,1b2effd3,1,"fdiv.d  ft11, ft9, fs2",,
0000000080004958,,s11:ffffffffffffffff,,00431db3,1,"sll     s11, t1, tp",,
000000008000495c,,a7:0000000000000001,,03bdc8b3,1,"div     a7, s11, s11",,
0000000080004960,,fa0:7ff8000000000000,,424ff543,1,"fmadd.d fa0, ft11, ft4, fs0",,
0000000080004964,,tp:ffffffffc00024a0,,4136023b,1,"subw    tp, a2, s3",,
0000000080004968,,s6:00000000c03067ff,,7ff5eb13,1,"ori     s6, a1, 2047",,
000000008000496c,,fs10:7ff8000000000000,,ba847d43,1,"fmadd.d fs10, fs0, fs0, fs7",,
0000000080004970,,s11:0000000000000000,,a3f40dd3,1,"fle.d   s11, fs0, ft11",,
0000000080004974,,t3:000000018060cffe,,016b0e33,1,"add     t3, s6, s6",,
0000000080004978,,a4:0000000000000000,,03fe1713,1,"slli    a4, t3, 63",,
000000008000497c,,sp:0000000000000000,,01328133,1,"add     sp, t0, s3",,
0000000080004980,,fs5:0000000000000000,,d2118ad3,1,"fcvt.d.wu fs5, gp",,
0000000080004984,,fa5:0000000000000000,,d21107d3,1,"fcvt.d.wu fa5, sp",,
0000000080004988,,fa1:7ff8000000000000,,235d05d3,1,"fsgnj.d fa1, fs10, fs5",,
000000008000498c,,fs4:00000000e07b9722,,2a4a0a53,1,"fmin.d  fs4, fs4, ft4",,
0000000080004990,,ra:0000000080004014,,4000d093,1,"srai    ra, ra, 0",,
0000000080004994,,a0:000000004acd28a2,,c034051b,1,"addiw   a0, s0, -1021",,
0000000080004998,,fs0:ffffffff00000000,,22800453,1,"fsgnj.d fs0, ft0, fs0",,
000000008000499c,,tp:0000000000000000,,c23a7253,1,"fcvt.lu.d tp, fs4",,
00000000800049a0,,ft10:7ff8000000000000,,0a847f53,1,"fsub.d  ft10, fs0, fs0",,
00000000800049a4,,sp:0000000000000002,,03946133,1,"rem     sp, s0, s9",,
00000000800049a8,,s2:0000000000000000,,a2ea0953,1,"fle.d   s2, fs4, fa4",,
00000000800049ac,,s10:ffffffff893fc000,,400edd1b,1,"sraiw   s10, t4, 0",,
0000000080004008,,s8:0000000080006008,,00002c17,3,"auipc   s8, 0x2",,
000000008000400c,,s8:00000000800060fa,,0f2c0c13,3,"addi    s8, s8, 242",,
0000000080004010,,ra:0000000080004014,,000c00e7,3,jalr    s8,,
00000000800060fa,,a5:00000000800049b0,,341027f3,3,"csrrs   a5, mepc, zero",,
00000000800060fe,,a4:0000000000000002,,34202773,3,"csrrs   a4, mcause, zero",,
0000000080006102,,a3:0000000000000000,,142026f3,3,"csrrs   a3, scause, zero",,
0000000080006106,,a2:0000000000000a00,,30402673,3,"csrrs   a2, mie, zero",,
000000008000610a,,a1:0000000000000080,,344025f3,3,"csrrs   a1, mip, zero",,
000000008000610e,,a1:0000000032393373,,343025f3,3,"csrrs   a1, mtval, zero",,
0000000080006112,,a0:0000000000000004,,14302573,3,"csrrs   a0, stval, zero",,
0000000080006116,,s1:0000000000000f55,,b02024f3,3,"csrrs   s1, minstret, zero",,
000000008000612e,,a5:00000000800049b4,,00000791,3,"c.addi  a5, 4",,
00000000800049b4,,t3:ffffffff893fbd94,,d94e8e1b,1,"addiw   t3, t4, -620",,
00000000800049b8,,fs5:7ff8000000000000,,2b1f1ad3,1,"fmax.d  fs5, ft10, fa7",,
00000000800049bc,,a2:000000004acd2c9f,,008a863b,1,"addw    a2, s5, s0",,
00000000800049c0,,ft2:0000000000000000,,f20a8153,1,"fmv.d.x ft2, s5",,
00000000800049c4,,s11:0000000000000000,,03fadd93,1,"srli    s11, s5, 63",,
00000000800049c8,,a1:00000000191c99b9,,4015d59b,1,"sraiw   a1, a1, 1",,
00000000800049cc,,fa5:0000000000000000,,02f7f7d3,1,"fadd.d  fa5, fa5, fa5",,
00000000800049d4,,s0:ffffffffffc09000,,ffc09437,1,"lui     s0, 0xffc09",,
00000000800049d8,,s0:ffffffffffc094c5,,4c54041b,1,"addiw   s0, s0, 1221",,
00000000800049dc,,s0:fffffff81298a000,,00000436,1,"c.slli  s0, 13",,
00000000800049de,,s0:fffffff812989d4f,,d4f40413,1,"addi    s0, s0, -689",,
00000000800049e2,,sp:0000000000000000,,03706133,1,"rem     sp, zero, s7",,
00000000800049e6,,a0:000000000371a000,,0371a537,1,"lui     a0, 0x371a",,
00000000800049ea,,a0:0000000003719b6f,,b6f5051b,1,"addiw   a0, a0, -1169",,
00000000800049ee,,a0:0000003719b6f000,,00000532,1,"c.slli  a0, 12",,
00000000800049f0,,a0:0000003719b6f19d,,19d50513,1,"addi    a0, a0, 413",,
00000000800049f4,,s1:0000000000000001,,0093b4b3,1,"sltu    s1, t2, s1",,
00000000800049f8,,a2:0000000000000000,,00125613,1,"srli    a2, tp, 1",,
00000000800049fc,,s4:0000000050000000,,01ae1a1b,1,"slliw   s4, t3, 26",,
0000000080004a00,,gp:7fffffffffffffff,,c025f1d3,1,"fcvt.l.s gp, fa1",,
0000000080004a04,,fs8:fffffff812989d4f,,f2040c53,1,"fmv.d.x fs8, s0",,
0000000080004a08,,s4:000000007fffffff,,c20ffa53,1,"fcvt.w.d s4, ft11",,
0000000080004a0c,,s1:fffffffff6c0426b,,014e44b3,1,"xor     s1, t3, s4",,
0000000080004a10,,t4:fffffffffad7b000,,fad7beb7,1,"lui     t4, 0xfad7b",,
0000000080004a14,,t4:fffffffffad7b1c9,,1c9e8e9b,1,"addiw   t4, t4, 457",,
0000000080004a18,,t4:ffffffad7b1c9000,,00000eb2,1,"c.slli  t4, 12",,
0000000080004a1a,,t4:ffffffad7b1c8f92,,f92e8e93,1,"addi    t4, t4, -110",,
0000000080004a1e,,ft11:ffffffff5f800000,,d03e7fd3,1,"fcvt.s.lu ft11, t3",,
0000000080004a22,,a3:000000007fffffff,,029a76bb,1,"remuw   a3, s4, s1",,
0000000080004a26,,ft3:7ff8000000000000,,2a7501d3,1,"fmin.d  ft3, fa0, ft7",,
0000000080004a2a,,ft11:ffffffff00000000,,22602fd3,1,"fsgnjx.d ft11, ft0, ft6",,
0000000080004a2e,,fs11:ffffffff00000000,,d022fdd3,1,"fcvt.s.l fs11, t0",,
0000000080004a32,,t1:ffffffff80000000,,4066833b,1,"subw    t1, a3, t1",,
0000000080004a36,,t0:ffffffffffffffff,,0252d2b3,1,"divu    t0, t0, t0",,
0000000080004a3a,,a7:ffffffffffffffff,,032e58bb,1,"divuw   a7, t3, s2",,
0000000080004a3e,,s4:000000007fffffff,,c204fa53,1,"fcvt.w.d s4, fs1",,
0000000080004a42,,a5:0000000000000000,,00e727b3,1,"slt     a5, a4, a4",,
0000000080004a46,,fa6:7ff8000000000000,,42018853,1,"fcvt.d.s fa6, ft3",,
0000000080004a4a,,a7:ffffffffffffffff,,fffe6893,1,"ori     a7, t3, -1",,
0000000080004a4e,,ft3:0000000000000000,,d21a81d3,1,"fcvt.d.wu ft3, s5",,
0000000080004a52,,ft6:7ff8000000000000,,13007353,1,"fmul.d  ft6, ft0, fa6",,
0000000080004a56,,s11:fffffffff8000000,,00dd1d9b,1,"slliw   s11, s10, 13",,
0000000080004a5a,,a3:0000000000000000,,03d146bb,1,"divw    a3, sp, t4",,
0000000080004a5e,,fs0:0000000000000000,,f2098453,1,"fmv.d.x fs0, s3",,
0000000080004a66,,t0:0000000000000000,,41d9d2b3,1,"sra     t0, s3, t4",,
0000000080004a6a,,t0:ffffffffffffffff,,0322c2b3,1,"div     t0, t0, s2",,
0000000080004a6e,,fs1:7ff8000000000000,,2a9484d3,1,"fmin.d  fs1, fs1, fs1",,
0000000080004a72,,s7:0000000000000000,,03361b93,1,"slli    s7, a2, 51",,
0000000080004a76,,s5:0000000000000011,,00102af3,1,"csrrs   s5, fflags, zero",,
0000000080004a7a,,a0:ffffffffa0000000,,00ac953b,1,"sllw    a0, s9, a0",,
0000000080004a7e,,a7:0000000000000000,,413688bb,1,"subw    a7, a3, s3",,
0000000080004a82,,s3:0000000000000011,,001919f3,1,"csrrw   s3, fflags, s2",,
0000000080004a86,,s11:0000000000000008,,4019dd9b,1,"sraiw   s11, s3, 1",,
0000000080004a8a,,s4:0000000000000000,,00169a73,1,"csrrw   s4, fflags, a3",,
0000000080004a8e,,fa0:0000000000000000,,d236f553,1,"fcvt.d.lu fa0, a3",,
0000000080004a92,,t2:0000000000000000,,0126a3b3,1,"slt     t2, a3, s2",,
0000000080004a96,,s10:ffffffff800060fa,,000c1d1b,1,"slliw   s10, s8, 0",,
0000000080004a9a,,a1:000000000000000f,,033d75b3,1,"remu    a1, s10, s3",,
0000000080004aa2,,s3:0000000008888eff,,02bd59bb,1,"divuw   s3, s10, a1",,
0000000080004aa6,,a5:0000000000000000,,a34707d3,1,"fle.d   a5, fa4, fs4",,
0000000080004aaa,,t0:0000000000000000,,0257e2b3,1,"rem     t0, a5, t0",,
0000000080004aae,,a7:0000000000000000,,008898bb,1,"sllw    a7, a7, s0",,
0000000080004ab2,,s2:0000000000000000,,0127893b,1,"addw    s2, a5, s2",,
0000000080004ab6,,fs2:7ff8000000000000,,7390794f,1,"fnmadd.d fs2, ft0, fs9, fa4",,
0000000080004aba,,a5:ffffffff80000000,,0000979a,1,"c.add   a5, t1",,
0000000080004abc,,s5:000000007fffffff,,c2007ad3,1,"fcvt.w.d s5, ft0",,
0000000080004ac0,,tp:0000000000000000,,41d2523b,1,"sraw    tp, tp, t4",,
0000000080004ac4,,s7:0000000000000000,,01716bb3,1,"or      s7, sp, s7",,
0000000080004ac8,,a3:0000000000000010,,001416f3,1,"csrrw   a3, fflags, s0",,
0000000080004acc,,s3:0000000000000020,,00d689bb,1,"addw    s3, a3, a3",,
0000000080004ad0,,ra:0000000000000001,,0018009b,1,"addiw   ra, a6, 1",,
0000000080004ad8,,s9:0000000000000008,,01b8ccb3,1,"xor     s9, a7, s11",,
0000000080004ade,,s8:0000000000000001,,a39c8c53,1,"fle.d   s8, fs9, fs9",,
0000000080004ae2,,s7:0000000000000000,,417b8bb3,1,"sub     s7, s7, s7",,
0000000080004ae6,,t3:0000000000000010,,0356fe3b,1,"remuw   t3, a3, s5",,
0000000080004aea,,t2:ffffffffffffffff,,40e083bb,1,"subw    t2, ra, a4",,
0000000080004aee,,s7:0000000000000000,,029a4bbb,1,"divw    s7, s4, s1",,
0000000080004af2,,s4:ffffffffffffffff,,c0387a53,1,"fcvt.lu.s s4, fa6",,
0000000080004af6,,fa4:0000000000000000,,d20b8753,1,"fcvt.d.w fa4, s7",,
0000000080004afa,,s9:0000000000000000,,694cfc93,1,"andi    s9, s9, 1684",,
0000000080004afe,,t2:ffffffffffffffff,,03aa63b3,1,"rem     t2, s4, s10",,
0000000080004b06,,a2:0000000000000000,,002b1673,1,"csrrw   a2, frm, s6",,
0000000080004b0a,,s4:000000007b1c8f92,,400eda3b,1,"sraw    s4, t4, zero",,
0000000080004008,,s8:0000000080006008,,00002c17,3,"auipc   s8, 0x2",,
000000008000400c,,s8:00000000800060fa,,0f2c0c13,3,"addi    s8, s8, 242",,
0000000080004010,,ra:0000000080004014,,000c00e7,3,jalr    s8,,
00000000800060fa,,a5:0000000080004b0e,,341027f3,3,"csrrs   a5, mepc, zero",,
00000000800060fe,,a4:0000000000000002,,34202773,3,"csrrs   a4, mcause, zero",,
0000000080006102,,a3:0000000000000000,,142026f3,3,"csrrs   a3, scause, zero",,
0000000080006106,,a2:0000000000000a00,,30402673,3,"csrrs   a2, mie, zero",,
000000008000610a,,a1:0000000000000080,,344025f3,3,"csrrs   a1, mip, zero",,
000000008000610e,,a1:00000000021dff53,,343025f3,3,"csrrs   a1, mtval, zero",,
0000000080006112,,a0:0000000000000004,,14302573,3,"csrrs   a0, stval, zero",,
0000000080006116,,s1:0000000000000fbe,,b02024f3,3,"csrrs   s1, minstret, zero",,
000000008000612e,,a5:0000000080004b12,,00000791,3,"c.addi  a5, 4",,
0000000080004b12,,s2:0000000000000000,,142c2973,1,"csrrs   s2, scause, s8",,
0000000080004008,,s8:0000000080006008,,00002c17,3,"auipc   s8, 0x2",,
000000008000400c,,s8:00000000800060fa,,0f2c0c13,3,"addi    s8, s8, 242",,
0000000080004010,,ra:0000000080004014,,000c00e7,3,jalr    s8,,
00000000800060fa,,a5:0000000080004b16,,341027f3,3,"csrrs   a5, mepc, zero",,
00000000800060fe,,a4:0000000000000002,,34202773,3,"csrrs   a4, mcause, zero",,
0000000080006102,,a3:00000000800060fa,,142026f3,3,"csrrs   a3, scause, zero",,
0000000080006106,,a2:0000000000000a00,,30402673,3,"csrrs   a2, mie, zero",,
000000008000610a,,a1:0000000000000080,,344025f3,3,"csrrs   a1, mip, zero",,
000000008000610e,,a1:000000000b6c7b53,,343025f3,3,"csrrs   a1, mtval, zero",,
0000000080006112,,a0:0000000000000004,,14302573,3,"csrrs   a0, stval, zero",,
0000000080006116,,s1:0000000000000fcf,,b02024f3,3,"csrrs   s1, minstret, zero",,
000000008000612e,,a5:0000000080004b1a,,00000791,3,"c.addi  a5, 4",,
0000000080004b1a,,a2:000000000b6c7b53,,00b88633,1,"add     a2, a7, a1",,
0000000080004b1e,,s5:000000000b6c7b53,,0125dabb,1,"srlw    s5, a1, s2",,
0000000080004008,,s8:0000000080006008,,00002c17,3,"auipc   s8, 0x2",,
000000008000400c,,s8:00000000800060fa,,0f2c0c13,3,"addi    s8, s8, 242",,
0000000080004010,,ra:0000000080004014,,000c00e7,3,jalr    s8,,
00000000800060fa,,a5:0000000080004b22,,341027f3,3,"csrrs   a5, mepc, zero",,
00000000800060fe,,a4:0000000000000002,,34202773,3,"csrrs   a4, mcause, zero",,
0000000080006102,,a3:00000000800060fa,,142026f3,3,"csrrs   a3, scause, zero",,
0000000080006106,,a2:0000000000000a00,,30402673,3,"csrrs   a2, mie, zero",,
000000008000610a,,a1:0000000000000080,,344025f3,3,"csrrs   a1, mip, zero",,
000000008000610e,,a1:000000000310f353,,343025f3,3,"csrrs   a1, mtval, zero",,
0000000080006112,,a0:0000000000000004,,14302573,3,"csrrs   a0, stval, zero",,
0000000080006116,,s1:0000000000000fe1,,b02024f3,3,"csrrs   s1, minstret, zero",,
000000008000612e,,a5:0000000080004b26,,00000791,3,"c.addi  a5, 4",,
0000000080004b26,,t2:ffffffffffc2f000,,ffc2f3b7,1,"lui     t2, 0xffc2f",,
0000000080004b2a,,t2:ffffffffffc2ed7b,,d7b3839b,1,"addiw   t2, t2, -645",,
0000000080004b2e,,t2:fffffff0bb5ec000,,000003ba,1,"c.slli  t2, 14",,
0000000080004b30,,t2:fffffff0bb5ec66a,,66a38393,1,"addi    t2, t2, 1642",,
0000000080004008,,s8:0000000080006008,,00002c17,3,"auipc   s8, 0x2",,
000000008000400c,,s8:00000000800060fa,,0f2c0c13,3,"addi    s8, s8, 242",,
0000000080004010,,ra:0000000080004014,,000c00e7,3,jalr    s8,,
00000000800060fa,,a5:0000000080004b34,,341027f3,3,"csrrs   a5, mepc, zero",,
00000000800060fe,,a4:0000000000000002,,34202773,3,"csrrs   a4, mcause, zero",,
0000000080006102,,a3:00000000800060fa,,142026f3,3,"csrrs   a3, scause, zero",,
0000000080006106,,a2:0000000000000a00,,30402673,3,"csrrs   a2, mie, zero",,
000000008000610a,,a1:0000000000000080,,344025f3,3,"csrrs   a1, mip, zero",,
000000008000610e,,a1:000000000b1372cf,,343025f3,3,"csrrs   a1, mtval, zero",,
0000000080006112,,a0:0000000000000004,,14302573,3,"csrrs   a0, stval, zero",,
0000000080006116,,s1:0000000000000ff5,,b02024f3,3,"csrrs   s1, minstret, zero",,
000000008000612e,,a5:0000000080004b38,,00000791,3,"c.addi  a5, 4",,
0000000080004b38,,gp:000000000b6c8227,,6d4a819b,1,"addiw   gp, s5, 1748",,
0000000080004b3c,,s3:ffffffffffffeed7,,4123d99b,1,"sraiw   s3, t2, 18",,
0000000080004b40,,a2:0000000000000a00,,0376663b,1,"remw    a2, a2, s7",,
0000000080004b44,,sp:0000000007b1c8f9,,404ed11b,1,"sraiw   sp, t4, 4",,
0000000080004b48,,a1:000000000b6c8237,,01c185bb,1,"addw    a1, gp, t3",,
0000000080004b4c,,sp:0000000000001a99,,03de9133,1,"mulh    sp, t4, t4",,
0000000080004008,,s8:0000000080006008,,00002c17,3,"auipc   s8, 0x2",,
000000008000400c,,s8:00000000800060fa,,0f2c0c13,3,"addi    s8, s8, 242",,
0000000080004010,,ra:0000000080004014,,000c00e7,3,jalr    s8,,
00000000800060fa,,a5:0000000080004b50,,341027f3,3,"csrrs   a5, mepc, zero",,
00000000800060fe,,a4:0000000000000002,,34202773,3,"csrrs   a4, mcause, zero",,
0000000080006102,,a3:00000000800060fa,,142026f3,3,"csrrs   a3, scause, zero",,
0000000080006106,,a2:0000000000000a00,,30402673,3,"csrrs   a2, mie, zero",,
000000008000610a,,a1:0000000000000080,,344025f3,3,"csrrs   a1, mip, zero",,
000000008000610e,,a1:000000001b65f5d3,,343025f3,3,"csrrs   a1, mtval, zero",,
0000000080006112,,a0:0000000000000004,,14302573,3,"csrrs   a0, stval, zero",,
0000000080006116,,s1:000000000000100b,,b02024f3,3,"csrrs   s1, minstret, zero",,
000000008000612e,,a5:0000000080004b54,,00000791,3,"c.addi  a5, 4",,
0000000080004b54,,t3:00000000500cf000,,500cfe37,1,"lui     t3, 0x500cf",,
0000000080004b58,,s4:0000000000000000,,01fe5a1b,1,"srliw   s4, t3, 31",,
0000000080004008,,s8:0000000080006008,,00002c17,3,"auipc   s8, 0x2",,
000000008000400c,,s8:00000000800060fa,,0f2c0c13,3,"addi    s8, s8, 242",,
0000000080004010,,ra:0000000080004014,,000c00e7,3,jalr    s8,,
00000000800060fa,,a5:0000000080004b5c,,341027f3,3,"csrrs   a5, mepc, zero",,
00000000800060fe,,a4:0000000000000002,,34202773,3,"csrrs   a4, mcause, zero",,
0000000080006102,,a3:00000000800060fa,,142026f3,3,"csrrs   a3, scause, zero",,
0000000080006106,,a2:0000000000000a00,,30402673,3,"csrrs   a2, mie, zero",,
000000008000610a,,a1:0000000000000080,,344025f3,3,"csrrs   a1, mip, zero",,
000000008000610e,,a1:00000000d03e7ed3,,343025f3,3,"csrrs   a1, mtval, zero",,
0000000080006112,,a0:0000000000000004,,14302573,3,"csrrs   a0, stval, zero",,
0000000080006116,,s1:000000000000101d,,b02024f3,3,"csrrs   s1, minstret, zero",,
000000008000612e,,a5:0000000080004b60,,00000791,3,"c.addi  a5, 4",,
0000000080004008,,s8:0000000080006008,,00002c17,3,"auipc   s8, 0x2",,
000000008000400c,,s8:00000000800060fa,,0f2c0c13,3,"addi    s8, s8, 242",,
0000000080004010,,ra:0000000080004014,,000c00e7,3,jalr    s8,,
00000000800060fa,,a5:0000000080004b60,,341027f3,3,"csrrs   a5, mepc, zero",,
00000000800060fe,,a4:0000000000000002,,34202773,3,"csrrs   a4, mcause, zero",,
0000000080006102,,a3:00000000800060fa,,142026f3,3,"csrrs   a3, scause, zero",,
0000000080006106,,a2:0000000000000a00,,30402673,3,"csrrs   a2, mie, zero",,
000000008000610a,,a1:0000000000000080,,344025f3,3,"csrrs   a1, mip, zero",,
000000008000610e,,a1:00000000ebd5f1cf,,343025f3,3,"csrrs   a1, mtval, zero",,
0000000080006112,,a0:0000000000000004,,14302573,3,"csrrs   a0, stval, zero",,
0000000080006116,,s1:000000000000102d,,b02024f3,3,"csrrs   s1, minstret, zero",,
000000008000612e,,a5:0000000080004b64,,00000791,3,"c.addi  a5, 4",,
0000000080004b64,,fs11:7ff8000000000000,,42058dd3,1,"fcvt.d.s fs11, fa1",,
0000000080004b68,,a2:00000000c03067ff,,016a4633,1,"xor     a2, s4, s6",,
0000000080004b6c,,tp:0000000016d9044e,,0031823b,1,"addw    tp, gp, gp",,
0000000080004b70,,t1:0000000000000000,,a3d18353,1,"fle.d   t1, ft3, ft9",,
0000000080004b74,,a4:0000000000000000,,0003171b,1,"slliw   a4, t1, 0",,
0000000080004b78,,s4:0000000000000000,,01f31a1b,1,"slliw   s4, t1, 31",,
0000000080004b7c,,a5:000000000000029a,,29aa0793,1,"addi    a5, s4, 666",,
0000000080004b80,,sp:0000000000000000,,02dbf133,1,"remu    sp, s7, a3",,
0000000080004b84,,tp:fffffffffffffecf,,ecf28213,1,"addi    tp, t0, -305",,
0000000080004b88,,fs11:0000000000000000,,420f8dd3,1,"fcvt.d.s fs11, ft11",,
0000000080004008,,s8:0000000080006008,,00002c17,3,"auipc   s8, 0x2",,
000000008000400c,,s8:00000000800060fa,,0f2c0c13,3,"addi    s8, s8, 242",,
0000000080004010,,ra:0000000080004014,,000c00e7,3,jalr    s8,,
00000000800060fa,,a5:0000000080004b8c,,341027f3,3,"csrrs   a5, mepc, zero",,
00000000800060fe,,a4:0000000000000002,,34202773,3,"csrrs   a4, mcause, zero",,
0000000080006102,,a3:00000000800060fa,,142026f3,3,"csrrs   a3, scause, zero",,
0000000080006106,,a2:0000000000000a00,,30402673,3,"csrrs   a2, mie, zero",,
000000008000610a,,a1:0000000000000080,,344025f3,3,"csrrs   a1, mip, zero",,
000000008000610e,,a1:00000000d034fed3,,343025f3,3,"csrrs   a1, mtval, zero",,
0000000080006112,,a0:0000000000000004,,14302573,3,"csrrs   a0, stval, zero",,
0000000080006116,,s1:0000000000001047,,b02024f3,3,"csrrs   s1, minstret, zero",,
000000008000612e,,a5:0000000080004b90,,00000791,3,"c.addi  a5, 4",,
0000000080004b90,,s1:ffffffff800060fa,,000d1493,1,"slli    s1, s10, 0",,
0000000080004b94,,sp:0000000000000000,,0101113b,1,"sllw    sp, sp, a6",,
0000000080004b98,,a0:0000000000000004,,0005551b,1,"srliw   a0, a0, 0",,
0000000080004b9c,,fa5:7ff8000000000000,,2bf587d3,1,"fmin.d  fa5, fa1, ft11",,
0000000080004ba0,,s8:0000000000000000,,00152c13,1,"slti    s8, a0, 1",,
0000000080004008,,s8:0000000080006008,,00002c17,3,"auipc   s8, 0x2",,
000000008000400c,,s8:00000000800060fa,,0f2c0c13,3,"addi    s8, s8, 242",,
0000000080004010,,ra:0000000080004014,,000c00e7,3,jalr    s8,,
00000000800060fa,,a5:0000000080004ba4,,341027f3,3,"csrrs   a5, mepc, zero",,
00000000800060fe,,a4:0000000000000002,,34202773,3,"csrrs   a4, mcause, zero",,
0000000080006102,,a3:00000000800060fa,,142026f3,3,"csrrs   a3, scause, zero",,
0000000080006106,,a2:0000000000000a00,,30402673,3,"csrrs   a2, mie, zero",,
000000008000610a,,a1:0000000000000080,,344025f3,3,"csrrs   a1, mip, zero",,
000000008000610e,,a1:000000001adeffd3,,343025f3,3,"csrrs   a1, mtval, zero",,
0000000080006112,,a0:0000000000000004,,14302573,3,"csrrs   a0, stval, zero",,
0000000080006116,,s1:000000000000105c,,b02024f3,3,"csrrs   s1, minstret, zero",,
000000008000612e,,a5:0000000080004ba8,,00000791,3,"c.addi  a5, 4",,
0000000080004008,,s8:0000000080006008,,00002c17,3,"auipc   s8, 0x2",,
000000008000400c,,s8:00000000800060fa,,0f2c0c13,3,"addi    s8, s8, 242",,
0000000080004010,,ra:0000000080004014,,000c00e7,3,jalr    s8,,
00000000800060fa,,a5:0000000080004ba8,,341027f3,3,"csrrs   a5, mepc, zero",,
00000000800060fe,,a4:0000000000000002,,34202773,3,"csrrs   a4, mcause, zero",,
0000000080006102,,a3:00000000800060fa,,142026f3,3,"csrrs   a3, scause, zero",,
0000000080006106,,a2:0000000000000a00,,30402673,3,"csrrs   a2, mie, zero",,
000000008000610a,,a1:0000000000000080,,344025f3,3,"csrrs   a1, mip, zero",,
000000008000610e,,a1:00000000c2357d53,,343025f3,3,"csrrs   a1, mtval, zero",,
0000000080006112,,a0:0000000000000004,,14302573,3,"csrrs   a0, stval, zero",,
0000000080006116,,s1:000000000000106c,,b02024f3,3,"csrrs   s1, minstret, zero",,
000000008000612e,,a5:0000000080004bac,,00000791,3,"c.addi  a5, 4",,
0000000080004bac,,tp:00000000604ce000,,604ce237,1,"lui     tp, 0x604ce",,
0000000080004bb0,,ra:00000000604ce050,,05024093,1,"xori    ra, tp, 80",,
0000000080004bb4,,t2:00000000c03067ff,,017b43b3,1,"xor     t2, s6, s7",,
0000000080004bb8,,a0:0000000000000000,,02173533,1,"mulhu   a0, a4, ra",,
0000000080004008,,s8:0000000080006008,,00002c17,3,"auipc   s8, 0x2",,
000000008000400c,,s8:00000000800060fa,,0f2c0c13,3,"addi    s8, s8, 242",,
0000000080004010,,ra:0000000080004014,,000c00e7,3,jalr    s8,,
00000000800060fa,,a5:0000000080004bbc,,341027f3,3,"csrrs   a5, mepc, zero",,
00000000800060fe,,a4:0000000000000002,,34202773,3,"csrrs   a4, mcause, zero",,
0000000080006102,,a3:00000000800060fa,,142026f3,3,"csrrs   a3, scause, zero",,
0000000080006106,,a2:0000000000000a00,,30402673,3,"csrrs   a2, mie, zero",,
000000008000610a,,a1:0000000000000080,,344025f3,3,"csrrs   a1, mip, zero",,
000000008000610e,,a1:0000000013c37fd3,,343025f3,3,"csrrs   a1, mtval, zero",,
0000000080006112,,a0:0000000000000004,,14302573,3,"csrrs   a0, stval, zero",,
0000000080006116,,s1:0000000000001080,,b02024f3,3,"csrrs   s1, minstret, zero",,
000000008000612e,,a5:0000000080004bc0,,00000791,3,"c.addi  a5, 4",,
0000000080004bc0,,a3:00000000800060f6,,00008e89,1,"c.sub   a3, a0",,
0000000080004bc2,,t3:001ffffff5af6391,,00bede13,1,"srli    t3, t4, 11",,
0000000080004bc6,,ft8:001ffffff5af6391,,f20e0e53,1,"fmv.d.x ft8, t3",,
0000000080004bca,,s9:0000000000000000,,4048dcb3,1,"sra     s9, a7, tp",,
0000000080004008,,s8:0000000080006008,,00002c17,3,"auipc   s8, 0x2",,
000000008000400c,,s8:00000000800060fa,,0f2c0c13,3,"addi    s8, s8, 242",,
0000000080004010,,ra:0000000080004014,,000c00e7,3,jalr    s8,,
00000000800060fa,,a5:0000000080004bce,,341027f3,3,"csrrs   a5, mepc, zero",,
00000000800060fe,,a4:0000000000000002,,34202773,3,"csrrs   a4, mcause, zero",,
0000000080006102,,a3:00000000800060fa,,142026f3,3,"csrrs   a3, scause, zero",,
0000000080006106,,a2:0000000000000a00,,30402673,3,"csrrs   a2, mie, zero",,
000000008000610a,,a1:0000000000000080,,344025f3,3,"csrrs   a1, mip, zero",,
000000008000610e,,a1:00000000c227fed3,,343025f3,3,"csrrs   a1, mtval, zero",,
0000000080006112,,a0:0000000000000004,,14302573,3,"csrrs   a0, stval, zero",,
0000000080006116,,s1:0000000000001094,,b02024f3,3,"csrrs   s1, minstret, zero",,
000000008000612e,,a5:0000000080004bd2,,00000791,3,"c.addi  a5, 4",,
0000000080004bd2,,s7:0000000000000000,,a25f0bd3,1,"fle.d   s7, ft10, ft5",,
0000000080004bd6,,s1:0000000000000001,,009bb4b3,1,"sltu    s1, s7, s1",,
0000000080004bda,,a2:00000000001eb5ec,,00be561b,1,"srliw   a2, t3, 11",,
0000000080004bde,,ft2:0000000000000000,,2ae71153,1,"fmax.d  ft2, fa4, fa4",,
0000000080004be2,,t4:0000000000000000,,02c2debb,1,"divuw   t4, t0, a2",,
0000000080004be6,,s6:00000000001fffff,,020e5b13,1,"srli    s6, t3, 32",,
0000000080004bea,,s8:000000000b6c7800,,800afc13,1,"andi    s8, s5, -2048",,
0000000080004bee,,t1:0000000000000007,,00202373,1,"csrrs   t1, frm, zero",,
0000000080004008,,s8:0000000080006008,,00002c17,3,"auipc   s8, 0x2",,
000000008000400c,,s8:00000000800060fa,,0f2c0c13,3,"addi    s8, s8, 242",,
0000000080004010,,ra:0000000080004014,,000c00e7,3,jalr    s8,,
00000000800060fa,,a5:0000000080004bf2,,341027f3,3,"csrrs   a5, mepc, zero",,
00000000800060fe,,a4:0000000000000002,,34202773,3,"csrrs   a4, mcause, zero",,
0000000080006102,,a3:00000000800060fa,,142026f3,3,"csrrs   a3, scause, zero",,
0000000080006106,,a2:0000000000000a00,,30402673,3,"csrrs   a2, mie, zero",,
000000008000610a,,a1:0000000000000080,,344025f3,3,"csrrs   a1, mip, zero",,
000000008000610e,,a1:000000006320f8cb,,343025f3,3,"csrrs   a1, mtval, zero",,
0000000080006112,,a0:0000000000000004,,14302573,3,"csrrs   a0, stval, zero",,
0000000080006116,,s1:00000000000010ac,,b02024f3,3,"csrrs   s1, minstret, zero",,
000000008000612e,,a5:0000000080004bf6,,00000791,3,"c.addi  a5, 4",,
0000000080004bf6,,tp:0000000000000000,,01acd23b,1,"srlw    tp, s9, s10",,
0000000080004bfa,,t4:fffffffffffff8f8,,8f8e8e9b,1,"addiw   t4, t4, -1800",,
0000000080004bfe,,s7:0000000000000457,,457c8b93,1,"addi    s7, s9, 1111",,
0000000080004008,,s8:0000000080006008,,00002c17,3,"auipc   s8, 0x2",,
000000008000400c,,s8:00000000800060fa,,0f2c0c13,3,"addi    s8, s8, 242",,
0000000080004010,,ra:0000000080004014,,000c00e7,3,jalr    s8,,
00000000800060fa,,a5:0000000080004c02,,341027f3,3,"csrrs   a5, mepc, zero",,
00000000800060fe,,a4:0000000000000002,,34202773,3,"csrrs   a4, mcause, zero",,
0000000080006102,,a3:00000000800060fa,,142026f3,3,"csrrs   a3, scause, zero",,
0000000080006106,,a2:0000000000000a00,,30402673,3,"csrrs   a2, mie, zero",,
000000008000610a,,a1:0000000000000080,,344025f3,3,"csrrs   a1, mip, zero",,
000000008000610e,,a1:0000000002a774d3,,343025f3,3,"csrrs   a1, mtval, zero",,
0000000080006112,,a0:0000000000000004,,14302573,3,"csrrs   a0, stval, zero",,
0000000080006116,,s1:00000000000010bf,,b02024f3,3,"csrrs   s1, minstret, zero",,
000000008000612e,,a5:0000000080004c06,,00000791,3,"c.addi  a5, 4",,
0000000080004c06,,fs3:0000000000000457,,f20b89d3,1,"fmv.d.x fs3, s7",,
0000000080004c0a,,a2:0000000000000000,,0186161b,1,"slliw   a2, a2, 24",,
0000000080004c0e,,s7:0000000000000008,,016dfbb3,1,"and     s7, s11, s6",,
0000000080004c12,,ft7:7ff8000000000000,,420703d3,1,"fcvt.d.s ft7, fa4",,
0000000080004008,,s8:0000000080006008,,00002c17,3,"auipc   s8, 0x2",,
000000008000400c,,s8:00000000800060fa,,0f2c0c13,3,"addi    s8, s8, 242",,
0000000080004010,,ra:0000000080004014,,000c00e7,3,jalr    s8,,
00000000800060fa,,a5:0000000080004c1a,,341027f3,3,"csrrs   a5, mepc, zero",,
00000000800060fe,,a4:0000000000000002,,34202773,3,"csrrs   a4, mcause, zero",,
0000000080006102,,a3:00000000800060fa,,142026f3,3,"csrrs   a3, scause, zero",,
0000000080006106,,a2:0000000000000a00,,30402673,3,"csrrs   a2, mie, zero",,
000000008000610a,,a1:0000000000000080,,344025f3,3,"csrrs   a1, mip, zero",,
000000008000610e,,a1:000000000324f153,,343025f3,3,"csrrs   a1, mtval, zero",,
0000000080006112,,a0:0000000000000004,,14302573,3,"csrrs   a0, stval, zero",,
0000000080006116,,s1:00000000000010d4,,b02024f3,3,"csrrs   s1, minstret, zero",,
000000008000612e,,a5:0000000080004c1e,,00000791,3,"c.addi  a5, 4",,
0000000080004c1e,,s2:0000000000000000,,4120093b,1,"subw    s2, zero, s2",,
0000000080004c22,,s5:00000000000010d4,,4124dab3,1,"sra     s5, s1, s2",,
0000000080004c26,,tp:000000000000001f,,001d1273,1,"csrrw   tp, fflags, s10",,
0000000080004008,,s8:0000000080006008,,00002c17,3,"auipc   s8, 0x2",,
000000008000400c,,s8:00000000800060fa,,0f2c0c13,3,"addi    s8, s8, 242",,
0000000080004010,,ra:0000000080004014,,000c00e7,3,jalr    s8,,
00000000800060fa,,a5:0000000080004c2a,,341027f3,3,"csrrs   a5, mepc, zero",,
00000000800060fe,,a4:0000000000000002,,34202773,3,"csrrs   a4, mcause, zero",,
0000000080006102,,a3:00000000800060fa,,142026f3,3,"csrrs   a3, scause, zero",,
0000000080006106,,a2:0000000000000a00,,30402673,3,"csrrs   a2, mie, zero",,
000000008000610a,,a1:0000000000000080,,344025f3,3,"csrrs   a1, mip, zero",,
000000008000610e,,a1:00000000c214fcd3,,343025f3,3,"csrrs   a1, mtval, zero",,
0000000080006112,,a0:0000000000000004,,14302573,3,"csrrs   a0, stval, zero",,
0000000080006116,,s1:00000000000010e7,,b02024f3,3,"csrrs   s1, minstret, zero",,
000000008000612e,,a5:0000000080004c2e,,00000791,3,"c.addi  a5, 4",,
0000000080004c2e,,t2:0000000000000000,,00004393,1,"xori    t2, zero, 0",,
0000000080004008,,s8:0000000080006008,,00002c17,3,"auipc   s8, 0x2",,
000000008000400c,,s8:00000000800060fa,,0f2c0c13,3,"addi    s8, s8, 242",,
0000000080004010,,ra:0000000080004014,,000c00e7,3,jalr    s8,,
00000000800060fa,,a5:0000000080004c32,,341027f3,3,"csrrs   a5, mepc, zero",,
00000000800060fe,,a4:0000000000000002,,34202773,3,"csrrs   a4, mcause, zero",,
0000000080006102,,a3:00000000800060fa,,142026f3,3,"csrrs   a3, scause, zero",,
0000000080006106,,a2:0000000000000a00,,30402673,3,"csrrs   a2, mie, zero",,
000000008000610a,,a1:0000000000000080,,344025f3,3,"csrrs   a1, mip, zero",,
000000008000610e,,a1:00000000f1501c73,,343025f3,3,"csrrs   a1, mtval, zero",,
0000000080006112,,a0:0000000000000004,,14302573,3,"csrrs   a0, stval, zero",,
0000000080006116,,s1:00000000000010f8,,b02024f3,3,"csrrs   s1, minstret, zero",,
000000008000612e,,a5:0000000080004c36,,00000791,3,"c.addi  a5, 4",,
0000000080004c36,,a5:ffffffffc8800000,,017e179b,1,"slliw   a5, t3, 23",,
0000000080004c3a,,a6:00000000000010d4,,410ad833,1,"sra     a6, s5, a6",,
0000000080004c3e,,s7:000000000000001a,,00129bf3,1,"csrrw   s7, fflags, t0",,
0000000080004008,,s8:0000000080006008,,00002c17,3,"auipc   s8, 0x2",,
000000008000400c,,s8:00000000800060fa,,0f2c0c13,3,"addi    s8, s8, 242",,
0000000080004010,,ra:0000000080004014,,000c00e7,3,jalr    s8,,
00000000800060fa,,a5:0000000080004c42,,341027f3,3,"csrrs   a5, mepc, zero",,
00000000800060fe,,a4:0000000000000002,,34202773,3,"csrrs   a4, mcause, zero",,
0000000080006102,,a3:00000000800060fa,,142026f3,3,"csrrs   a3, scause, zero",,
0000000080006106,,a2:0000000000000a00,,30402673,3,"csrrs   a2, mie, zero",,
000000008000610a,,a1:0000000000000080,,344025f3,3,"csrrs   a1, mip, zero",,
000000008000610e,,a1:00000000c05db0f3,,343025f3,3,"csrrs   a1, mtval, zero",,
0000000080006112,,a0:0000000000000004,,14302573,3,"csrrs   a0, stval, zero",,
0000000080006116,,s1:000000000000110b,,b02024f3,3,"csrrs   s1, minstret, zero",,
000000008000612e,,a5:0000000080004c46,,00000791,3,"c.addi  a5, 4",,
0000000080004008,,s8:0000000080006008,,00002c17,3,"auipc   s8, 0x2",,
000000008000400c,,s8:00000000800060fa,,0f2c0c13,3,"addi    s8, s8, 242",,
0000000080004010,,ra:0000000080004014,,000c00e7,3,jalr    s8,,
00000000800060fa,,a5:0000000080004c46,,341027f3,3,"csrrs   a5, mepc, zero",,
00000000800060fe,,a4:0000000000000002,,34202773,3,"csrrs   a4, mcause, zero",,
0000000080006102,,a3:00000000800060fa,,142026f3,3,"csrrs   a3, scause, zero",,
0000000080006106,,a2:0000000000000a00,,30402673,3,"csrrs   a2, mie, zero",,
000000008000610a,,a1:0000000000000080,,344025f3,3,"csrrs   a1, mip, zero",,
000000008000610e,,a1:000000000a9974d3,,343025f3,3,"csrrs   a1, mtval, zero",,
0000000080006112,,a0:0000000000000004,,14302573,3,"csrrs   a0, stval, zero",,
0000000080006116,,s1:000000000000111b,,b02024f3,3,"csrrs   s1, minstret, zero",,
000000008000612e,,a5:0000000080004c4a,,00000791,3,"c.addi  a5, 4",,
0000000080004c4a,,t1:00000000000010d5,,00180313,1,"addi    t1, a6, 1",,
0000000080004c4e,,a5:fffffffffffffe6d,,e4e20793,1,"addi    a5, tp, -434",,
0000000080004c52,,s5:0000000000000000,,02b21ab3,1,"mulh    s5, tp, a1",,
0000000080004008,,s8:0000000080006008,,00002c17,3,"auipc   s8, 0x2",,
000000008000400c,,s8:00000000800060fa,,0f2c0c13,3,"addi    s8, s8, 242",,
0000000080004010,,ra:0000000080004014,,000c00e7,3,jalr    s8,,
00000000800060fa,,a5:0000000080004c56,,341027f3,3,"csrrs   a5, mepc, zero",,
00000000800060fe,,a4:0000000000000002,,34202773,3,"csrrs   a4, mcause, zero",,
0000000080006102,,a3:00000000800060fa,,142026f3,3,"csrrs   a3, scause, zero",,
0000000080006106,,a2:0000000000000a00,,30402673,3,"csrrs   a2, mie, zero",,
000000008000610a,,a1:0000000000000080,,344025f3,3,"csrrs   a1, mip, zero",,
000000008000610e,,a1:00000000d035f3d3,,343025f3,3,"csrrs   a1, mtval, zero",,
0000000080006112,,a0:0000000000000004,,14302573,3,"csrrs   a0, stval, zero",,
0000000080006116,,s1:000000000000112e,,b02024f3,3,"csrrs   s1, minstret, zero",,
000000008000612e,,a5:0000000080004c5a,,00000791,3,"c.addi  a5, 4",,
0000000080004c5c,,ft4:0000000000000000,,23b10253,1,"fsgnj.d ft4, ft2, fs11",,
0000000080004c60,,a2:fffffff81298a74f,,00009622,1,"c.add   a2, s0",,
0000000080004c62,,s9:00000000003cd000,,003cdcb7,1,"lui     s9, 0x3cd",,
0000000080004c66,,s9:00000000003cd54d,,54dc8c9b,1,"addiw   s9, s9, 1357",,
0000000080004c6a,,s9:0000003cd54d0000,,00000cc2,1,"c.slli  s9, 16",,
0000000080004c6c,,s9:0000003cd54cf9ea,,9eac8c93,1,"addi    s9, s9, -1558",,
0000000080004008,,s8:0000000080006008,,00002c17,3,"auipc   s8, 0x2",,
000000008000400c,,s8:00000000800060fa,,0f2c0c13,3,"addi    s8, s8, 242",,
0000000080004010,,ra:0000000080004014,,000c00e7,3,jalr    s8,,
00000000800060fa,,a5:0000000080004c70,,341027f3,3,"csrrs   a5, mepc, zero",,
00000000800060fe,,a4:0000000000000002,,34202773,3,"csrrs   a4, mcause, zero",,
0000000080006102,,a3:00000000800060fa,,142026f3,3,"csrrs   a3, scause, zero",,
0000000080006106,,a2:0000000000000a00,,30402673,3,"csrrs   a2, mie, zero",,
000000008000610a,,a1:0000000000000080,,344025f3,3,"csrrs   a1, mip, zero",,
000000008000610e,,a1:0000000002dc7ad3,,343025f3,3,"csrrs   a1, mtval, zero",,
0000000080006112,,a0:0000000000000004,,14302573,3,"csrrs   a0, stval, zero",,
0000000080006116,,s1:0000000000001145,,b02024f3,3,"csrrs   s1, minstret, zero",,
000000008000612e,,a5:0000000080004c74,,00000791,3,"c.addi  a5, 4",,
0000000080004c74,,s5:0000000000000000,,03965ab3,1,"divu    s5, a2, s9",,
0000000080004c78,,a5:ffffffffffffffff,,025547b3,1,"div     a5, a0, t0",,
0000000080004c7c,,fs6:001ffffff5af6391,,2b6e0b53,1,"fmin.d  fs6, ft8, fs6",,
0000000080004c80,,ft0:7ff8000000000000,,420b8053,1,"fcvt.d.s ft0, fs7",,
0000000080004c84,,s4:0000000000000000,,0253ea3b,1,"remw    s4, t2, t0",,
0000000080004c88,,t2:0000000000000000,,410153bb,1,"sraw    t2, sp, a6",,
0000000080004008,,s8:0000000080006008,,00002c17,3,"auipc   s8, 0x2",,
000000008000400c,,s8:00000000800060fa,,0f2c0c13,3,"addi    s8, s8, 242",,
0000000080004010,,ra:0000000080004014,,000c00e7,3,jalr    s8,,
00000000800060fa,,a5:0000000080004c8c,,341027f3,3,"csrrs   a5, mepc, zero",,
00000000800060fe,,a4:0000000000000002,,34202773,3,"csrrs   a4, mcause, zero",,
0000000080006102,,a3:00000000800060fa,,142026f3,3,"csrrs   a3, scause, zero",,
0000000080006106,,a2:0000000000000a00,,30402673,3,"csrrs   a2, mie, zero",,
000000008000610a,,a1:0000000000000080,,344025f3,3,"csrrs   a1, mip, zero",,
000000008000610e,,a1:00000000039bfc53,,343025f3,3,"csrrs   a1, mtval, zero",,
0000000080006112,,a0:0000000000000004,,14302573,3,"csrrs   a0, stval, zero",,
0000000080006116,,s1:000000000000115b,,b02024f3,3,"csrrs   s1, minstret, zero",,
000000008000612e,,a5:0000000080004c90,,00000791,3,"c.addi  a5, 4",,
0000000080004c90,,s11:0000000000006052,,00d5fdb3,1,"and     s11, a1, a3",,
0000000080004c94,,s7:0000000000000000,,038d9bb3,1,"mulh    s7, s11, s8",,
0000000080004c98,,a3:0000000000000000,,0388c6b3,1,"div     a3, a7, s8",,
0000000080004c9c,,fs0:0000000000000000,,2bc70453,1,"fmin.d  fs0, fa4, ft8",,
0000000080004ca0,,a5:0000000000000000,,416c57b3,1,"sra     a5, s8, s6",,
0000000080004ca4,,gp:0000000000000002,,4007519b,1,"sraiw   gp, a4, 0",,
0000000080004ca8,,ft2:7ff8000000000000,,2a7f8153,1,"fmin.d  ft2, ft11, ft7",,
0000000080004cac,,t1:00000000000010d5,,4003531b,1,"sraiw   t1, t1, 0",,
0000000080004cb0,,s8:ffffffffd9755000,,d9755c37,1,"lui     s8, 0xd9755",,
0000000080004cb4,,a2:0000000000000a00,,03666633,1,"rem     a2, a2, s6",,
0000000080004008,,s8:0000000080006008,,00002c17,3,"auipc   s8, 0x2",,
000000008000400c,,s8:00000000800060fa,,0f2c0c13,3,"addi    s8, s8, 242",,
0000000080004010,,ra:0000000080004014,,000c00e7,3,jalr    s8,,
00000000800060fa,,a5:0000000080004cb8,,341027f3,3,"csrrs   a5, mepc, zero",,
00000000800060fe,,a4:0000000000000002,,34202773,3,"csrrs   a4, mcause, zero",,
0000000080006102,,a3:00000000800060fa,,142026f3,3,"csrrs   a3, scause, zero",,
0000000080006106,,a2:0000000000000a00,,30402673,3,"csrrs   a2, mie, zero",,
000000008000610a,,a1:0000000000000080,,344025f3,3,"csrrs   a1, mip, zero",,
000000008000610e,,a1:000000001bf8f8d3,,343025f3,3,"csrrs   a1, mtval, zero",,
0000000080006112,,a0:0000000000000004,,14302573,3,"csrrs   a0, stval, zero",,
0000000080006116,,s1:0000000000001175,,b02024f3,3,"csrrs   s1, minstret, zero",,
000000008000612e,,a5:0000000080004cbc,,00000791,3,"c.addi  a5, 4",,
0000000080004cbc,,gp:0000000000000000,,a25f81d3,1,"fle.d   gp, ft11, ft5",,
0000000080004cc0,,a2:ffffffff80004cbc,,4147863b,1,"subw    a2, a5, s4",,
0000000080004cc4,,s10:ffffffc32ab30112,,01dccd33,1,"xor     s10, s9, t4",,
0000000080004008,,s8:0000000080006008,,00002c17,3,"auipc   s8, 0x2",,
000000008000400c,,s8:00000000800060fa,,0f2c0c13,3,"addi    s8, s8, 242",,
0000000080004010,,ra:0000000080004014,,000c00e7,3,jalr    s8,,
00000000800060fa,,a5:0000000080004cc8,,341027f3,3,"csrrs   a5, mepc, zero",,
00000000800060fe,,a4:0000000000000002,,34202773,3,"csrrs   a4, mcause, zero",,
0000000080006102,,a3:00000000800060fa,,142026f3,3,"csrrs   a3, scause, zero",,
0000000080006106,,a2:0000000000000a00,,30402673,3,"csrrs   a2, mie, zero",,
000000008000610a,,a1:0000000000000080,,344025f3,3,"csrrs   a1, mip, zero",,
000000008000610e,,a1:000000004011fe53,,343025f3,3,"csrrs   a1, mtval, zero",,
0000000080006112,,a0:0000000000000004,,14302573,3,"csrrs   a0, stval, zero",,
0000000080006116,,s1:0000000000001188,,b02024f3,3,"csrrs   s1, minstret, zero",,
000000008000612e,,a5:0000000080004ccc,,00000791,3,"c.addi  a5, 4",,
0000000080004ccc,,ra:ffffffffe0001005,,4020d09b,1,"sraiw   ra, ra, 2",,
0000000080004cd0,,t3:0000000000000000,,01ab9e3b,1,"sllw    t3, s7, s10",,
0000000080004cd4,,fs11:7ff8000000000000,,42008dd3,1,"fcvt.d.s fs11, ft1",,
0000000080004cd8,,a5:0000000042e14cd8,,c2e10797,1,"auipc   a5, 0xc2e10",,
0000000080004cdc,,t4:00000000200000d0,,40130eb3,1,"sub     t4, t1, ra",,
0000000080004ce0,,fs0:fff8000000000000,,226d9453,1,"fsgnjn.d fs0, fs11, ft6",,
0000000080004ce4,,fs7:fff8000000000000,,237a9bd3,1,"fsgnjn.d fs7, fs5, fs7",,
0000000080004ce8,,t3:0000000000000010,,00131e73,1,"csrrw   t3, fflags, t1",,
0000000080004cec,,tp:0000000000000405,,4059021b,1,"addiw   tp, s2, 1029",,
0000000080004cf0,,a6:0000000000000000,,02706833,1,"rem     a6, zero, t2",,
0000000080004cf4,,s11:0000000000000000,,41a65db3,1,"sra     s11, a2, s10",,
0000000080004008,,s8:0000000080006008,,00002c17,3,"auipc   s8, 0x2",,
000000008000400c,,s8:00000000800060fa,,0f2c0c13,3,"addi    s8, s8, 242",,
0000000080004010,,ra:0000000080004014,,000c00e7,3,jalr    s8,,
00000000800060fa,,a5:0000000080004cf8,,341027f3,3,"csrrs   a5, mepc, zero",,
00000000800060fe,,a4:0000000000000002,,34202773,3,"csrrs   a4, mcause, zero",,
0000000080006102,,a3:00000000800060fa,,142026f3,3,"csrrs   a3, scause, zero",,
0000000080006106,,a2:0000000000000a00,,30402673,3,"csrrs   a2, mie, zero",,
000000008000610a,,a1:0000000000000080,,344025f3,3,"csrrs   a1, mip, zero",,
000000008000610e,,a1:000000007470a1f3,,343025f3,3,"csrrs   a1, mtval, zero",,
0000000080006112,,a0:0000000000000004,,14302573,3,"csrrs   a0, stval, zero",,
0000000080006116,,s1:00000000000011a3,,b02024f3,3,"csrrs   s1, minstret, zero",,
000000008000612e,,a5:0000000080004cfc,,00000791,3,"c.addi  a5, 4",,
0000000080004cfc,,t3:fffffffffffffb6e,,b6e84e13,1,"xori    t3, a6, -1170",,
0000000080004d00,,s4:ffffffff80004cfd,,00178a1b,1,"addiw   s4, a5, 1",,
0000000080004d04,,s0:0000000000000000,,02f8443b,1,"divw    s0, a6, a5",,
0000000080004d08,,s6:0000000000000000,,02858b3b,1,"mulw    s6, a1, s0",,
0000000080004d0c,,ft6:0000000000000000,,d2118353,1,"fcvt.d.wu ft6, gp",,
0000000080004d10,,s4:fffffffff80004cf,,404a5a13,1,"srai    s4, s4, 4",,
0000000080004d18,,gp:0000000000000000,,037de1b3,1,"rem     gp, s11, s7",,
0000000080004d1c,,a1:0000000000000368,,368b859b,1,"addiw   a1, s7, 872",,
0000000080004d20,,a6:0000000000000000,,00b85833,1,"srl     a6, a6, a1",,
0000000080004d24,,t0:0000000000000000,,41f2d29b,1,"sraiw   t0, t0, 31",,
0000000080004d28,,ft8:7ff8000000000000,,23540e53,1,"fsgnj.d ft8, fs0, fs5",,
0000000080004008,,s8:0000000080006008,,00002c17,3,"auipc   s8, 0x2",,
000000008000400c,,s8:00000000800060fa,,0f2c0c13,3,"addi    s8, s8, 242",,
0000000080004010,,ra:0000000080004014,,000c00e7,3,jalr    s8,,
00000000800060fa,,a5:0000000080004d2c,,341027f3,3,"csrrs   a5, mepc, zero",,
00000000800060fe,,a4:0000000000000002,,34202773,3,"csrrs   a4, mcause, zero",,
0000000080006102,,a3:00000000800060fa,,142026f3,3,"csrrs   a3, scause, zero",,
0000000080006106,,a2:0000000000000a00,,30402673,3,"csrrs   a2, mie, zero",,
000000008000610a,,a1:0000000000000080,,344025f3,3,"csrrs   a1, mip, zero",,
000000008000610e,,a1:00000000137f7f53,,343025f3,3,"csrrs   a1, mtval, zero",,
0000000080006112,,a0:0000000000000004,,14302573,3,"csrrs   a0, stval, zero",,
0000000080006116,,s1:00000000000011bf,,b02024f3,3,"csrrs   s1, minstret, zero",,
000000008000612e,,a5:0000000080004d30,,00000791,3,"c.addi  a5, 4",,
0000000080004d30,,s3:00000000000004df,,41a5d9bb,1,"sraw    s3, a1, s10",,
0000000080004d34,,s0:0000000000000000,,00817433,1,"and     s0, sp, s0",,
0000000080004d38,,gp:0000000000000000,,038eb1b3,1,"mulhu   gp, t4, s8",,
0000000080004d3c,,ft4:7ff8000000000000,,2360a253,1,"fsgnjx.d ft4, ft1, fs6",,
0000000080004d40,,t2:0000000000000000,,4181d3b3,1,"sra     t2, gp, s8",,
0000000080004d44,,t0:0000000000000000,,010072b3,1,"and     t0, zero, a6",,
0000000080004008,,s8:0000000080006008,,00002c17,3,"auipc   s8, 0x2",,
000000008000400c,,s8:00000000800060fa,,0f2c0c13,3,"addi    s8, s8, 242",,
0000000080004010,,ra:0000000080004014,,000c00e7,3,jalr    s8,,
00000000800060fa,,a5:0000000080004d48,,341027f3,3,"csrrs   a5, mepc, zero",,
00000000800060fe,,a4:0000000000000002,,34202773,3,"csrrs   a4, mcause, zero",,
0000000080006102,,a3:00000000800060fa,,142026f3,3,"csrrs   a3, scause, zero",,
0000000080006106,,a2:0000000000000a00,,30402673,3,"csrrs   a2, mie, zero",,
000000008000610a,,a1:0000000000000080,,344025f3,3,"csrrs   a1, mip, zero",,
000000008000610e,,a1:0000000031a071f3,,343025f3,3,"csrrs   a1, mtval, zero",,
0000000080006112,,a0:0000000000000004,,14302573,3,"csrrs   a0, stval, zero",,
0000000080006116,,s1:00000000000011d5,,b02024f3,3,"csrrs   s1, minstret, zero",,
000000008000612e,,a5:0000000080004d4c,,00000791,3,"c.addi  a5, 4",,
0000000080004008,,s8:0000000080006008,,00002c17,3,"auipc   s8, 0x2",,
000000008000400c,,s8:00000000800060fa,,0f2c0c13,3,"addi    s8, s8, 242",,
0000000080004010,,ra:0000000080004014,,000c00e7,3,jalr    s8,,
00000000800060fa,,a5:0000000080004d4c,,341027f3,3,"csrrs   a5, mepc, zero",,
00000000800060fe,,a4:0000000000000002,,34202773,3,"csrrs   a4, mcause, zero",,
0000000080006102,,a3:00000000800060fa,,142026f3,3,"csrrs   a3, scause, zero",,
0000000080006106,,a2:0000000000000a00,,30402673,3,"csrrs   a2, mie, zero",,
000000008000610a,,a1:0000000000000080,,344025f3,3,"csrrs   a1, mip, zero",,
000000008000610e,,a1:00000000d03e7bd3,,343025f3,3,"csrrs   a1, mtval, zero",,
0000000080006112,,a0:0000000000000004,,14302573,3,"csrrs   a0, stval, zero",,
0000000080006116,,s1:00000000000011e5,,b02024f3,3,"csrrs   s1, minstret, zero",,
000000008000612e,,a5:0000000080004d50,,00000791,3,"c.addi  a5, 4",,
0000000080004d50,,a2:fffffffffd453000,,fd453637,1,"lui     a2, 0xfd453",,
0000000080004d54,,a2:fffffffffd453281,,2816061b,1,"addiw   a2, a2, 641",,
0000000080004d58,,a2:ffffffa8a6502000,,00000636,1,"c.slli  a2, 13",,
0000000080004d5a,,a2:ffffffa8a65023db,,3db60613,1,"addi    a2, a2, 987",,
0000000080004008,,s8:0000000080006008,,00002c17,3,"auipc   s8, 0x2",,
000000008000400c,,s8:00000000800060fa,,0f2c0c13,3,"addi    s8, s8, 242",,
0000000080004010,,ra:0000000080004014,,000c00e7,3,jalr    s8,,
00000000800060fa,,a5:0000000080004d5e,,341027f3,3,"csrrs   a5, mepc, zero",,
00000000800060fe,,a4:0000000000000002,,34202773,3,"csrrs   a4, mcause, zero",,
0000000080006102,,a3:00000000800060fa,,142026f3,3,"csrrs   a3, scause, zero",,
0000000080006106,,a2:0000000000000a00,,30402673,3,"csrrs   a2, mie, zero",,
000000008000610a,,a1:0000000000000080,,344025f3,3,"csrrs   a1, mip, zero",,
000000008000610e,,a1:000000001a4d7ad3,,343025f3,3,"csrrs   a1, mtval, zero",,
0000000080006112,,a0:0000000000000004,,14302573,3,"csrrs   a0, stval, zero",,
0000000080006116,,s1:00000000000011f9,,b02024f3,3,"csrrs   s1, minstret, zero",,
000000008000612e,,a5:0000000080004d62,,00000791,3,"c.addi  a5, 4",,
0000000080004d62,,s3:0000000000000000,,015b79b3,1,"and     s3, s6, s5",,
0000000080004d66,,s7:0000000000000000,,03199bb3,1,"mulh    s7, s3, a7",,
0000000080004d6a,,fs6:7ff8000000000000,,2b5a9b53,1,"fmax.d  fs6, fs5, fs5",,
0000000080004d6e,,s6:0000000000000000,,036b9b33,1,"mulh    s6, s7, s6",,
0000000080004008,,s8:0000000080006008,,00002c17,3,"auipc   s8, 0x2",,
000000008000400c,,s8:00000000800060fa,,0f2c0c13,3,"addi    s8, s8, 242",,
0000000080004010,,ra:0000000080004014,,000c00e7,3,jalr    s8,,
00000000800060fa,,a5:0000000080004d72,,341027f3,3,"csrrs   a5, mepc, zero",,
00000000800060fe,,a4:0000000000000002,,34202773,3,"csrrs   a4, mcause, zero",,
0000000080006102,,a3:00000000800060fa,,142026f3,3,"csrrs   a3, scause, zero",,
0000000080006106,,a2:0000000000000a00,,30402673,3,"csrrs   a2, mie, zero",,
000000008000610a,,a1:0000000000000080,,344025f3,3,"csrrs   a1, mip, zero",,
000000008000610e,,a1:00000000c025f0d3,,343025f3,3,"csrrs   a1, mtval, zero",,
0000000080006112,,a0:0000000000000004,,14302573,3,"csrrs   a0, stval, zero",,
0000000080006116,,s1:000000000000120d,,b02024f3,3,"csrrs   s1, minstret, zero",,
000000008000612e,,a5:0000000080004d76,,00000791,3,"c.addi  a5, 4",,
0000000080004008,,s8:0000000080006008,,00002c17,3,"auipc   s8, 0x2",,
000000008000400c,,s8:00000000800060fa,,0f2c0c13,3,"addi    s8, s8, 242",,
0000000080004010,,ra:0000000080004014,,000c00e7,3,jalr    s8,,
00000000800060fa,,a5:0000000080004d76,,341027f3,3,"csrrs   a5, mepc, zero",,
00000000800060fe,,a4:0000000000000002,,34202773,3,"csrrs   a4, mcause, zero",,
0000000080006102,,a3:00000000800060fa,,142026f3,3,"csrrs   a3, scause, zero",,
0000000080006106,,a2:0000000000000a00,,30402673,3,"csrrs   a2, mie, zero",,
000000008000610a,,a1:0000000000000080,,344025f3,3,"csrrs   a1, mip, zero",,
000000008000610e,,a1:00000000f11ffbf3,,343025f3,3,"csrrs   a1, mtval, zero",,
0000000080006112,,a0:0000000000000004,,14302573,3,"csrrs   a0, stval, zero",,
0000000080006116,,s1:000000000000121d,,b02024f3,3,"csrrs   s1, minstret, zero",,
000000008000612e,,a5:0000000080004d7a,,00000791,3,"c.addi  a5, 4",,
0000000080004d7a,,s10:0000000000000000,,01f99d1b,1,"slliw   s10, s3, 31",,
0000000080004d7e,,a7:0000000000000000,,03f9d893,1,"srli    a7, s3, 63",,
0000000080004d82,,s4:00000000800060f9,,03cc2a33,1,"mulhsu  s4, s8, t3",,
0000000080004008,,s8:0000000080006008,,00002c17,3,"auipc   s8, 0x2",,
000000008000400c,,s8:00000000800060fa,,0f2c0c13,3,"addi    s8, s8, 242",,
0000000080004010,,ra:0000000080004014,,000c00e7,3,jalr    s8,,
00000000800060fa,,a5:0000000080004d86,,341027f3,3,"csrrs   a5, mepc, zero",,
00000000800060fe,,a4:0000000000000002,,34202773,3,"csrrs   a4, mcause, zero",,
0000000080006102,,a3:00000000800060fa,,142026f3,3,"csrrs   a3, scause, zero",,
0000000080006106,,a2:0000000000000a00,,30402673,3,"csrrs   a2, mie, zero",,
000000008000610a,,a1:0000000000000080,,344025f3,3,"csrrs   a1, mip, zero",,
000000008000610e,,a1:000000000354f753,,343025f3,3,"csrrs   a1, mtval, zero",,
0000000080006112,,a0:0000000000000004,,14302573,3,"csrrs   a0, stval, zero",,
0000000080006116,,s1:0000000000001230,,b02024f3,3,"csrrs   s1, minstret, zero",,
000000008000612e,,a5:0000000080004d8a,,00000791,3,"c.addi  a5, 4",,
0000000080004d8a,,t1:0000000000000b1b,,a463031b,1,"addiw   t1, t1, -1466",,
0000000080004008,,s8:0000000080006008,,00002c17,3,"auipc   s8, 0x2",,
000000008000400c,,s8:00000000800060fa,,0f2c0c13,3,"addi    s8, s8, 242",,
0000000080004010,,ra:0000000080004014,,000c00e7,3,jalr    s8,,
00000000800060fa,,a5:0000000080004d8e,,341027f3,3,"csrrs   a5, mepc, zero",,
00000000800060fe,,a4:0000000000000002,,34202773,3,"csrrs   a4, mcause, zero",,
0000000080006102,,a3:00000000800060fa,,142026f3,3,"csrrs   a3, scause, zero",,
0000000080006106,,a2:0000000000000a00,,30402673,3,"csrrs   a2, mie, zero",,
000000008000610a,,a1:0000000000000080,,344025f3,3,"csrrs   a1, mip, zero",,
000000008000610e,,a1:00000000c204f753,,343025f3,3,"csrrs   a1, mtval, zero",,
0000000080006112,,a0:0000000000000004,,14302573,3,"csrrs   a0, stval, zero",,
0000000080006116,,s1:0000000000001241,,b02024f3,3,"csrrs   s1, minstret, zero",,
000000008000612e,,a5:0000000080004d92,,00000791,3,"c.addi  a5, 4",,
0000000080004008,,s8:0000000080006008,,00002c17,3,"auipc   s8, 0x2",,
000000008000400c,,s8:00000000800060fa,,0f2c0c13,3,"addi    s8, s8, 242",,
0000000080004010,,ra:0000000080004014,,000c00e7,3,jalr    s8,,
00000000800060fa,,a5:0000000080004d92,,341027f3,3,"csrrs   a5, mepc, zero",,
00000000800060fe,,a4:0000000000000002,,34202773,3,"csrrs   a4, mcause, zero",,
0000000080006102,,a3:00000000800060fa,,142026f3,3,"csrrs   a3, scause, zero",,
0000000080006106,,a2:0000000000000a00,,30402673,3,"csrrs   a2, mie, zero",,
000000008000610a,,a1:0000000000000080,,344025f3,3,"csrrs   a1, mip, zero",,
000000008000610e,,a1:000000000b4b70d3,,343025f3,3,"csrrs   a1, mtval, zero",,
0000000080006112,,a0:0000000000000004,,14302573,3,"csrrs   a0, stval, zero",,
0000000080006116,,s1:0000000000001251,,b02024f3,3,"csrrs   s1, minstret, zero",,
000000008000612e,,a5:0000000080004d96,,00000791,3,"c.addi  a5, 4",,
0000000080004d96,,fs10:8000000000000000,,23a71d53,1,"fsgnjn.d fs10, fa4, fs10",,
0000000080004008,,s8:0000000080006008,,00002c17,3,"auipc   s8, 0x2",,
000000008000400c,,s8:00000000800060fa,,0f2c0c13,3,"addi    s8, s8, 242",,
0000000080004010,,ra:0000000080004014,,000c00e7,3,jalr    s8,,
00000000800060fa,,a5:0000000080004da2,,341027f3,3,"csrrs   a5, mepc, zero",,
00000000800060fe,,a4:0000000000000002,,34202773,3,"csrrs   a4, mcause, zero",,
0000000080006102,,a3:00000000800060fa,,142026f3,3,"csrrs   a3, scause, zero",,
0000000080006106,,a2:0000000000000a00,,30402673,3,"csrrs   a2, mie, zero",,
000000008000610a,,a1:0000000000000080,,344025f3,3,"csrrs   a1, mip, zero",,
000000008000610e,,a1:000000005a09fad3,,343025f3,3,"csrrs   a1, mtval, zero",,
0000000080006112,,a0:0000000000000004,,14302573,3,"csrrs   a0, stval, zero",,
0000000080006116,,s1:0000000000001264,,b02024f3,3,"csrrs   s1, minstret, zero",,
000000008000612e,,a5:0000000080004da6,,00000791,3,"c.addi  a5, 4",,
0000000080004da6,,s11:0000000000000000,,01975dbb,1,"srlw    s11, a4, s9",,
0000000080004daa,,tp:000000000003ffff,,00ee521b,1,"srliw   tp, t3, 14",,
0000000080004dae,,gp:0000000000000000,,015281bb,1,"addw    gp, t0, s5",,
0000000080004db2,,s4:0000000000000000,,0339da13,1,"srli    s4, s3, 51",,
0000000080004db6,,a0:0000000000000015,,00179573,1,"csrrw   a0, fflags, a5",,
0000000080004008,,s8:0000000080006008,,00002c17,3,"auipc   s8, 0x2",,
000000008000400c,,s8:00000000800060fa,,0f2c0c13,3,"addi    s8, s8, 242",,
0000000080004010,,ra:0000000080004014,,000c00e7,3,jalr    s8,,
00000000800060fa,,a5:0000000080004dba,,341027f3,3,"csrrs   a5, mepc, zero",,
00000000800060fe,,a4:0000000000000002,,34202773,3,"csrrs   a4, mcause, zero",,
0000000080006102,,a3:00000000800060fa,,142026f3,3,"csrrs   a3, scause, zero",,
0000000080006106,,a2:0000000000000a00,,30402673,3,"csrrs   a2, mie, zero",,
000000008000610a,,a1:0000000000000080,,344025f3,3,"csrrs   a1, mip, zero",,
000000008000610e,,a1:000000005a0afa53,,343025f3,3,"csrrs   a1, mtval, zero",,
0000000080006112,,a0:0000000000000004,,14302573,3,"csrrs   a0, stval, zero",,
0000000080006116,,s1:0000000000001279,,b02024f3,3,"csrrs   s1, minstret, zero",,
000000008000612e,,a5:0000000080004dbe,,00000791,3,"c.addi  a5, 4",,
0000000080004dbe,,t1:00000000800060fa,,0036e333,1,"or      t1, a3, gp",,
0000000080004008,,s8:0000000080006008,,00002c17,3,"auipc   s8, 0x2",,
000000008000400c,,s8:00000000800060fa,,0f2c0c13,3,"addi    s8, s8, 242",,
0000000080004010,,ra:0000000080004014,,000c00e7,3,jalr    s8,,
00000000800060fa,,a5:0000000080004dc2,,341027f3,3,"csrrs   a5, mepc, zero",,
00000000800060fe,,a4:0000000000000002,,34202773,3,"csrrs   a4, mcause, zero",,
0000000080006102,,a3:00000000800060fa,,142026f3,3,"csrrs   a3, scause, zero",,
0000000080006106,,a2:0000000000000a00,,30402673,3,"csrrs   a2, mie, zero",,
000000008000610a,,a1:0000000000000080,,344025f3,3,"csrrs   a1, mip, zero",,
000000008000610e,,a1:000000000354ff53,,343025f3,3,"csrrs   a1, mtval, zero",,
0000000080006112,,a0:0000000000000004,,14302573,3,"csrrs   a0, stval, zero",,
0000000080006116,,s1:000000000000128a,,b02024f3,3,"csrrs   s1, minstret, zero",,
000000008000612e,,a5:0000000080004dc6,,00000791,3,"c.addi  a5, 4",,
0000000080004008,,s8:0000000080006008,,00002c17,3,"auipc   s8, 0x2",,
000000008000400c,,s8:00000000800060fa,,0f2c0c13,3,"addi    s8, s8, 242",,
0000000080004010,,ra:0000000080004014,,000c00e7,3,jalr    s8,,
00000000800060fa,,a5:0000000080004dc6,,341027f3,3,"csrrs   a5, mepc, zero",,
00000000800060fe,,a4:0000000000000002,,34202773,3,"csrrs   a4, mcause, zero",,
0000000080006102,,a3:00000000800060fa,,142026f3,3,"csrrs   a3, scause, zero",,
0000000080006106,,a2:0000000000000a00,,30402673,3,"csrrs   a2, mie, zero",,
000000008000610a,,a1:0000000000000080,,344025f3,3,"csrrs   a1, mip, zero",,
000000008000610e,,a1:0000000013247753,,343025f3,3,"csrrs   a1, mtval, zero",,
0000000080006112,,a0:0000000000000004,,14302573,3,"csrrs   a0, stval, zero",,
0000000080006116,,s1:000000000000129a,,b02024f3,3,"csrrs   s1, minstret, zero",,
000000008000612e,,a5:0000000080004dca,,00000791,3,"c.addi  a5, 4",,
0000000080004dca,,a4:fffffffffffff000,,40b3573b,1,"sraw    a4, t1, a1",,
0000000080004dce,,s5:0000000000001400,,00c60abb,1,"addw    s5, a2, a2",,
0000000080004dd2,,a1:0000000000010000,,00f0d59b,1,"srliw   a1, ra, 15",,
0000000080004dd6,,s8:ffffffffffff60fa,,02bc6c3b,1,"remw    s8, s8, a1",,
0000000080004dda,,a3:ffffffff800060fa,,00d806bb,1,"addw    a3, a6, a3",,
0000000080004dde,,s10:0000000000000000,,01b87d33,1,"and     s10, a6, s11",,
0000000080004de2,,sp:0000000000000000,,41b8513b,1,"sraw    sp, a6, s11",,
0000000080004de6,,s0:ffffffffffe00018,,40f6d43b,1,"sraw    s0, a3, a5",,
0000000080004dea,,ft10:0000000000000000,,f20d0f53,1,"fmv.d.x ft10, s10",,
0000000080004008,,s8:0000000080006008,,00002c17,3,"auipc   s8, 0x2",,
000000008000400c,,s8:00000000800060fa,,0f2c0c13,3,"addi    s8, s8, 242",,
0000000080004010,,ra:0000000080004014,,000c00e7,3,jalr    s8,,
00000000800060fa,,a5:0000000080004dee,,341027f3,3,"csrrs   a5, mepc, zero",,
00000000800060fe,,a4:0000000000000002,,34202773,3,"csrrs   a4, mcause, zero",,
0000000080006102,,a3:00000000800060fa,,142026f3,3,"csrrs   a3, scause, zero",,
0000000080006106,,a2:0000000000000a00,,30402673,3,"csrrs   a2, mie, zero",,
000000008000610a,,a1:0000000000000080,,344025f3,3,"csrrs   a1, mip, zero",,
000000008000610e,,a1:00000000c20f7253,,343025f3,3,"csrrs   a1, mtval, zero",,
0000000080006112,,a0:0000000000000004,,14302573,3,"csrrs   a0, stval, zero",,
0000000080006116,,s1:00000000000012b3,,b02024f3,3,"csrrs   s1, minstret, zero",,
000000008000612e,,a5:0000000080004df2,,00000791,3,"c.addi  a5, 4",,
0000000080004df2,,s0:0000000000000000,,03f89413,1,"slli    s0, a7, 63",,
0000000080004df6,,a5:ffffffffffffffff,,034a57b3,1,"divu    a5, s4, s4",,
0000000080004dfa,,sp:00000000000012b3,,4004d113,1,"srai    sp, s1, 0",,
0000000080004008,,s8:0000000080006008,,00002c17,3,"auipc   s8, 0x2",,
000000008000400c,,s8:00000000800060fa,,0f2c0c13,3,"addi    s8, s8, 242",,
0000000080004010,,ra:0000000080004014,,000c00e7,3,jalr    s8,,
00000000800060fa,,a5:0000000080004dfe,,341027f3,3,"csrrs   a5, mepc, zero",,
00000000800060fe,,a4:0000000000000002,,34202773,3,"csrrs   a4, mcause, zero",,
0000000080006102,,a3:00000000800060fa,,142026f3,3,"csrrs   a3, scause, zero",,
0000000080006106,,a2:0000000000000a00,,30402673,3,"csrrs   a2, mie, zero",,
000000008000610a,,a1:0000000000000080,,344025f3,3,"csrrs   a1, mip, zero",,
000000008000610e,,a1:00000000ebd978cf,,343025f3,3,"csrrs   a1, mtval, zero",,
0000000080006112,,a0:0000000000000004,,14302573,3,"csrrs   a0, stval, zero",,
0000000080006116,,s1:00000000000012c6,,b02024f3,3,"csrrs   s1, minstret, zero",,
000000008000612e,,a5:0000000080004e02,,00000791,3,"c.addi  a5, 4",,
0000000080004e02,,t4:00000000000012b3,,002dceb3,1,"xor     t4, s11, sp",,
0000000080004e06,,ft11:7ff8000000000000,,42088fd3,1,"fcvt.d.s ft11, fa7",,
0000000080004e0a,,fs4:0000000000000000,,f2038a53,1,"fmv.d.x fs4, t2",,
0000000080004008,,s8:0000000080006008,,00002c17,3,"auipc   s8, 0x2",,
000000008000400c,,s8:00000000800060fa,,0f2c0c13,3,"addi    s8, s8, 242",,
0000000080004010,,ra:0000000080004014,,000c00e7,3,jalr    s8,,
00000000800060fa,,a5:0000000080004e0e,,341027f3,3,"csrrs   a5, mepc, zero",,
00000000800060fe,,a4:0000000000000002,,34202773,3,"csrrs   a4, mcause, zero",,
0000000080006102,,a3:00000000800060fa,,142026f3,3,"csrrs   a3, scause, zero",,
0000000080006106,,a2:0000000000000a00,,30402673,3,"csrrs   a2, mie, zero",,
000000008000610a,,a1:0000000000000080,,344025f3,3,"csrrs   a1, mip, zero",,
000000008000610e,,a1:00000000c207f053,,343025f3,3,"csrrs   a1, mtval, zero",,
0000000080006112,,a0:0000000000000004,,14302573,3,"csrrs   a0, stval, zero",,
0000000080006116,,s1:00000000000012d9,,b02024f3,3,"csrrs   s1, minstret, zero",,
000000008000612e,,a5:0000000080004e12,,00000791,3,"c.addi  a5, 4",,
0000000080004e12,,t1:0000000000001400,,415ad33b,1,"sraw    t1, s5, s5",,
0000000080004008,,s8:0000000080006008,,00002c17,3,"auipc   s8, 0x2",,
000000008000400c,,s8:00000000800060fa,,0f2c0c13,3,"addi    s8, s8, 242",,
0000000080004010,,ra:0000000080004014,,000c00e7,3,jalr    s8,,
00000000800060fa,,a5:0000000080004e16,,341027f3,3,"csrrs   a5, mepc, zero",,
00000000800060fe,,a4:0000000000000002,,34202773,3,"csrrs   a4, mcause, zero",,
0000000080006102,,a3:00000000800060fa,,142026f3,3,"csrrs   a3, scause, zero",,
0000000080006106,,a2:0000000000000a00,,30402673,3,"csrrs   a2, mie, zero",,
000000008000610a,,a1:0000000000000080,,344025f3,3,"csrrs   a1, mip, zero",,
000000008000610e,,a1:00000000c037fe53,,343025f3,3,"csrrs   a1, mtval, zero",,
0000000080006112,,a0:0000000000000004,,14302573,3,"csrrs   a0, stval, zero",,
0000000080006116,,s1:00000000000012ea,,b02024f3,3,"csrrs   s1, minstret, zero",,
000000008000612e,,a5:0000000080004e1a,,00000791,3,"c.addi  a5, 4",,
0000000080004e1a,,s1:ffffffffedb80000,,012e149b,1,"slliw   s1, t3, 18",,
0000000080004e1e,,a4:ffffffffedb80000,,00c4d73b,1,"srlw    a4, s1, a2",,
0000000080004008,,s8:0000000080006008,,00002c17,3,"auipc   s8, 0x2",,
000000008000400c,,s8:00000000800060fa,,0f2c0c13,3,"addi    s8, s8, 242",,
0000000080004010,,ra:0000000080004014,,000c00e7,3,jalr    s8,,
00000000800060fa,,a5:0000000080004e24,,341027f3,3,"csrrs   a5, mepc, zero",,
00000000800060fe,,a4:0000000000000002,,34202773,3,"csrrs   a4, mcause, zero",,
0000000080006102,,a3:00000000800060fa,,142026f3,3,"csrrs   a3, scause, zero",,
0000000080006106,,a2:0000000000000a00,,30402673,3,"csrrs   a2, mie, zero",,
000000008000610a,,a1:0000000000000080,,344025f3,3,"csrrs   a1, mip, zero",,
000000008000610e,,a1:00000000c02ffbd3,,343025f3,3,"csrrs   a1, mtval, zero",,
0000000080006112,,a0:0000000000000004,,14302573,3,"csrrs   a0, stval, zero",,
0000000080006116,,s1:00000000000012fd,,b02024f3,3,"csrrs   s1, minstret, zero",,
000000008000612e,,a5:0000000080004e28,,00000791,3,"c.addi  a5, 4",,
0000000080004008,,s8:0000000080006008,,00002c17,3,"auipc   s8, 0x2",,
000000008000400c,,s8:00000000800060fa,,0f2c0c13,3,"addi    s8, s8, 242",,
0000000080004010,,ra:0000000080004014,,000c00e7,3,jalr    s8,,
00000000800060fa,,a5:0000000080004e28,,341027f3,3,"csrrs   a5, mepc, zero",,
00000000800060fe,,a4:0000000000000002,,34202773,3,"csrrs   a4, mcause, zero",,
0000000080006102,,a3:00000000800060fa,,142026f3,3,"csrrs   a3, scause, zero",,
0000000080006106,,a2:0000000000000a00,,30402673,3,"csrrs   a2, mie, zero",,
000000008000610a,,a1:0000000000000080,,344025f3,3,"csrrs   a1, mip, zero",,
000000008000610e,,a1:00000000d03bf1d3,,343025f3,3,"csrrs   a1, mtval, zero",,
0000000080006112,,a0:0000000000000004,,14302573,3,"csrrs   a0, stval, zero",,
0000000080006116,,s1:000000000000130d,,b02024f3,3,"csrrs   s1, minstret, zero",,
000000008000612e,,a5:0000000080004e2c,,00000791,3,"c.addi  a5, 4",,
0000000080004008,,s8:0000000080006008,,00002c17,3,"auipc   s8, 0x2",,
000000008000400c,,s8:00000000800060fa,,0f2c0c13,3,"addi    s8, s8, 242",,
0000000080004010,,ra:0000000080004014,,000c00e7,3,jalr    s8,,
00000000800060fa,,a5:0000000080004e2c,,341027f3,3,"csrrs   a5, mepc, zero",,
00000000800060fe,,a4:0000000000000002,,34202773,3,"csrrs   a4, mcause, zero",,
0000000080006102,,a3:00000000800060fa,,142026f3,3,"csrrs   a3, scause, zero",,
0000000080006106,,a2:0000000000000a00,,30402673,3,"csrrs   a2, mie, zero",,
000000008000610a,,a1:0000000000000080,,344025f3,3,"csrrs   a1, mip, zero",,
000000008000610e,,a1:00000000c23077d3,,343025f3,3,"csrrs   a1, mtval, zero",,
0000000080006112,,a0:0000000000000004,,14302573,3,"csrrs   a0, stval, zero",,
0000000080006116,,s1:000000000000131d,,b02024f3,3,"csrrs   s1, minstret, zero",,
000000008000612e,,a5:0000000080004e30,,00000791,3,"c.addi  a5, 4",,
0000000080004e30,,a2:0000000000000000,,417bd633,1,"sra     a2, s7, s7",,
0000000080004e34,,gp:fffffffffffffb6e,,031e61b3,1,"rem     gp, t3, a7",,
0000000080004e38,,tp:fffffffffffffb6e,,400e521b,1,"sraiw   tp, t3, 0",,
0000000080004e3c,,s2:0000000039a85000,,39a85937,1,"lui     s2, 0x39a85",,
0000000080004008,,s8:0000000080006008,,00002c17,3,"auipc   s8, 0x2",,
000000008000400c,,s8:00000000800060fa,,0f2c0c13,3,"addi    s8, s8, 242",,
0000000080004010,,ra:0000000080004014,,000c00e7,3,jalr    s8,,
00000000800060fa,,a5:0000000080004e40,,341027f3,3,"csrrs   a5, mepc, zero",,
00000000800060fe,,a4:0000000000000002,,34202773,3,"csrrs   a4, mcause, zero",,
0000000080006102,,a3:00000000800060fa,,142026f3,3,"csrrs   a3, scause, zero",,
0000000080006106,,a2:0000000000000a00,,30402673,3,"csrrs   a2, mie, zero",,
000000008000610a,,a1:0000000000000080,,344025f3,3,"csrrs   a1, mip, zero",,
000000008000610e,,a1:00000000c02c7353,,343025f3,3,"csrrs   a1, mtval, zero",,
0000000080006112,,a0:0000000000000004,,14302573,3,"csrrs   a0, stval, zero",,
0000000080006116,,s1:0000000000001331,,b02024f3,3,"csrrs   s1, minstret, zero",,
000000008000612e,,a5:0000000080004e44,,00000791,3,"c.addi  a5, 4",,
0000000080004e44,,ft11:7ff8000000000000,,23ffafd3,1,"fsgnjx.d ft11, ft11, ft11",,
0000000080004e48,,s3:0000000000000000,,4153599b,1,"sraiw   s3, t1, 21",,
0000000080004e4c,,s4:0000000000000000,,005bfa33,1,"and     s4, s7, t0",,
0000000080004e54,,s0:0000000000000000,,02640433,1,"mul     s0, s0, t1",,
0000000080004e58,,a1:fffffffffffff88b,,88b46593,1,"ori     a1, s0, -1909",,
0000000080004e5c,,s5:0000000039a85001,,00196a93,1,"ori     s5, s2, 1",,
0000000080004e60,,s8:0000000000000000,,03b9ec3b,1,"remw    s8, s3, s11",,
0000000080004e64,,a3:fffffffffffff6dc,,001e1693,1,"slli    a3, t3, 1",,
0000000080004e68,,a7:0000000000000000,,03f19893,1,"slli    a7, gp, 63",,
0000000080004e6c,,s10:fffffffffea35000,,fea35d37,1,"lui     s10, 0xfea35",,
0000000080004e70,,s10:fffffffffea34f45,,f45d0d1b,1,"addiw   s10, s10, -187",,
0000000080004e74,,s10:ffffffd469e8a000,,00000d36,1,"c.slli  s10, 13",,
0000000080004e76,,s10:ffffffd469e8a2bf,,2bfd0d13,1,"addi    s10, s10, 703",,
0000000080004e7a,,t1:0000000000000007,,00291373,1,"csrrw   t1, frm, s2",,
0000000080004e7e,,ft5:7ff8000000000000,,420f82d3,1,"fcvt.d.s ft5, ft11",,
0000000080004e82,,s7:0000000000000000,,001ddb93,1,"srli    s7, s11, 1",,
0000000080004e86,,t4:ffffffffffffffff,,03114eb3,1,"div     t4, sp, a7",,
0000000080004e8e,,a4:0000000000000006,,00169773,1,"csrrw   a4, fflags, a3",,
0000000080004e92,,fs3:7ff8000000000000,,138cf9d3,1,"fmul.d  fs3, fs9, fs8",,
0000000080004e96,,s6:fffffffffffff891,,00b70b3b,1,"addw    s6, a4, a1",,
0000000080004e9a,,t1:0000000000000000,,03f35313,1,"srli    t1, t1, 63",,
0000000080004e9e,,s9:0000003cd54cf558,,00009cf2,1,"c.add   s9, t3",,
0000000080004ea0,,tp:0000003cd54ced58,,800c8213,1,"addi    tp, s9, -2048",,
0000000080004ea4,,t4:0000000040000000,,00d09ebb,1,"sllw    t4, ra, a3",,
0000000080004ea8,,a3:000000001ad60ea8,,9ad5c697,1,"auipc   a3, 0x9ad5c",,
0000000080004eac,,sp:0000000000000000,,e2050153,1,"fmv.x.d sp, fa0",,
0000000080004eb0,,s10:0000000000000000,,01cc2d33,1,"slt     s10, s8, t3",,
0000000080004eb4,,s4:0000000000000001,,00dd2a33,1,"slt     s4, s10, a3",,
0000000080004eb8,,s3:000000000000001c,,001c19f3,1,"csrrw   s3, fflags, s8",,
0000000080004ebc,,ft1:7ff8000000000000,,2b7b90d3,1,"fmax.d  ft1, fs7, fs7",,
0000000080004ec0,,s3:ffffffffffffffff,,03aa49bb,1,"divw    s3, s4, s10",,
0000000080004ec4,,s9:ffffffffffffffff,,c0387cd3,1,"fcvt.lu.s s9, fa6",,
0000000080004eca,,t4:ffffffffffffffff,,0133ceb3,1,"xor     t4, t2, s3",,
0000000080004ece,,a4:0000000080004e54,,0017e733,1,"or      a4, a5, ra",,
0000000080004ed2,,a6:ffffffffffffffff,,0303583b,1,"divuw   a6, t1, a6",,
0000000080004ed6,,a0:000000000014e344,,023e0533,1,"mul     a0, t3, gp",,
0000000080004eda,,sp:0000000000000000,,4088d13b,1,"sraw    sp, a7, s0",,
0000000080004ede,,ft5:7ff8000000000000,,02be72d3,1,"fadd.d  ft5, ft8, fa1",,
0000000080004ee2,,t2:0000000000000000,,141473f3,1,"csrrci  t2, sepc, 8",,
0000000080004ee6,,s8:7fffffffffffffff,,c227fc53,1,"fcvt.l.d s8, fa5",,
0000000080004eea,,s7:0000000000000000,,000bfb93,1,"andi    s7, s7, 0",,
0000000080004eee,,s10:ffffffffd54ced58,,40625d3b,1,"sraw    s10, tp, t1",,
0000000080004ef2,,ft1:ffffffffd54ced58,,f20d00d3,1,"fmv.d.x ft1, s10",,
0000000080004ef6,,a6:000000000029c688,,00151813,1,"slli    a6, a0, 1",,
0000000080004efa,,fs7:0000000000000000,,d20b8bd3,1,"fcvt.d.w fs7, s7",,
0000000080004efe,,ra:0000000000000a00,,00065093,1,"srli    ra, a2, 0",,
0000000080004f02,,a5:ffffffff80149500,,40f507b3,1,"sub     a5, a0, a5",,
0000000080004f06,,a0:ffffffffffffffff,,03144533,1,"div     a0, s0, a7",,
0000000080004f0a,,s7:000000001ad60ea8,,00669bb3,1,"sll     s7, a3, t1",,
0000000080004f0e,,s11:0000000000000000,,a20a8dd3,1,"fle.d   s11, fs5, ft0",,
0000000080004f12,,s4:000000007889bf12,,f8897a17,1,"auipc   s4, 0xf8897",,
0000000080004f16,,t3:0000000000000310,,91060e1b,1,"addiw   t3, a2, -1776",,
0000000080004f1a,,s3:0000000000007889,,01ca59bb,1,"srlw    s3, s4, t3",,
0000000080004f1e,,t2:000000007889bf12,,007a53bb,1,"srlw    t2, s4, t2",,
0000000080004f22,,a2:0000000000000000,,4036563b,1,"sraw    a2, a2, gp",,
0000000080004f26,,gp:0000000000000000,,0358f1b3,1,"remu    gp, a7, s5",,
0000000080004f2e,,fs5:0000000000000000,,2b7b9ad3,1,"fmax.d  fs5, fs7, fs7",,
0000000080004f32,,s2:000000000000045d,,45dcf913,1,"andi    s2, s9, 1117",,
0000000080004f36,,a0:000000000000030f,,03ceb533,1,"mulhu   a0, t4, t3",,
0000000080004f3a,,a3:0000000000000000,,402156bb,1,"sraw    a3, sp, sp",,
0000000080004f3e,,a1:0000000000000027,,03c9c5bb,1,"divw    a1, s3, t3",,
0000000080004f42,,fs6:ffffffff7fc00000,,4015fb53,1,"fcvt.s.d fs6, fa1",,
0000000080004f46,,t1:0000000000000000,,41a8533b,1,"sraw    t1, a6, s10",,
0000000080004f4a,,s1:7fffffffffffffff,,018a64b3,1,"or      s1, s4, s8",,
0000000080004f4e,,s11:0000000000000000,,0012fd93,1,"andi    s11, t0, 1",,
0000000080004f52,,a6:00000001a1c15000,,03008833,1,"mul     a6, ra, a6",,
0000000080004f56,,t1:0000000000000010,,00102373,1,"csrrs   t1, fflags, zero",,
0000000080004f5a,,a5:ffffffffffffffff,,c215f7d3,1,"fcvt.wu.d a5, fa1",,
0000000080004f5e,,s6:fffffffffffffba2,,0127cb33,1,"xor     s6, a5, s2",,
0000000080004f62,,s4:0000000020001395,,01675a3b,1,"srlw    s4, a4, s6",,
0000000080004f66,,s7:000000000000022f,,f2050b93,1,"addi    s7, a0, -224",,
0000000080004f6a,,s1:7fffffffffffffff,,4004d493,1,"srai    s1, s1, 0",,
0000000080004f6e,,ft11:7ff8000000000000,,ab197fcb,1,"fnmsub.d ft11, fs2, fa7, fs5",,
0000000080004f72,,s9:0000000000000000,,a2a88cd3,1,"fle.d   s9, fa7, fa0",,
0000000080004f76,,sp:000000000e6a1400,,416ad13b,1,"sraw    sp, s5, s6",,
0000000080004f7a,,ft0:0000003cd54ced58,,f2020053,1,"fmv.d.x ft0, tp",,
0000000080004f7e,,fa6:ffffffff5f000000,,d024f853,1,"fcvt.s.l fa6, s1",,
0000000080004f84,,fs1:ffffffff4443c000,,d03574d3,1,"fcvt.s.lu fs1, a0",,
0000000080004f88,,fs7:7ff8000000000000,,02237bd3,1,"fadd.d  fs7, ft6, ft2",,
0000000080004f8c,,a5:000000001a214000,,1a2147b7,1,"lui     a5, 0x1a214",,
0000000080004f90,,t2:000000000000022f,,405bd3b3,1,"sra     t2, s7, t0",,
0000000080004f98,,fs10:41c00009ca800000,,d21a0d53,1,"fcvt.d.wu fs10, s4",,
0000000080004f9c,,a5:ffffffffffffffff,,0004d79b,1,"srliw   a5, s1, 0",,
0000000080004fa0,,s11:ffffffffffffffff,,c23ffdd3,1,"fcvt.lu.d s11, ft11",,
0000000080004fa4,,t1:ffffffffffffffff,,400dd313,1,"srai    t1, s11, 0",,
0000000080004fa8,,s6:ffffffffffffffff,,406ddb3b,1,"sraw    s6, s11, t1",,
0000000080004fac,,a5:ffffffff80000000,,016597bb,1,"sllw    a5, a1, s6",,
0000000080004fb0,,t2:0000000000000027,,0005d39b,1,"srliw   t2, a1, 0",,
0000000080004fb4,,s9:0000000000000000,,01942cb3,1,"slt     s9, s0, s9",,
0000000080004fb8,,a2:000000007fffffff,,001dd61b,1,"srliw   a2, s11, 1",,
0000000080004fbc,,s3:ffffffff8000788a,,40c989b3,1,"sub     s3, s3, a2",,
0000000080004fc0,,t4:ffffffffffffffff,,43f9de93,1,"srai    t4, s3, 63",,
0000000080004fc8,,fs6:ffffffff421c0000,,d035fb53,1,"fcvt.s.lu fs6, a1",,
0000000080004fcc,,fa7:ffffffff44440000,,d02e78d3,1,"fcvt.s.l fa7, t3",,
0000000080004fd0,,a4:fffffffff5019000,,f5019737,1,"lui     a4, 0xf5019",,
0000000080004fd4,,s8:0000000020001000,,00ea7c33,1,"and     s8, s4, a4",,
0000000080004fd8,,a3:fffffffffe303000,,fe3036b7,1,"lui     a3, 0xfe303",,
0000000080004fdc,,a3:fffffffffe302b57,,b576869b,1,"addiw   a3, a3, -1193",,
0000000080004fe0,,a3:ffffff8c0ad5c000,,000006ba,1,"c.slli  a3, 14",,
0000000080004fe2,,a3:ffffff8c0ad5ba75,,a7568693,1,"addi    a3, a3, -1419",,
0000000080004fe6,,a4:0000000000000000,,00d4a733,1,"slt     a4, s1, a3",,
0000000080004fea,,s0:0000000000000011,,00141473,1,"csrrw   s0, fflags, s0",,
0000000080004fee,,t4:8000000000000000,,01bd9eb3,1,"sll     t4, s11, s11",,
0000000080004ff2,,ft1:7ff8000000000000,,8a9370cf,1,"fnmadd.d ft1, ft6, fs1, fa7",,
0000000080004ff6,,ft10:7ff8000000000000,,0a81ff53,1,"fsub.d  ft10, ft3, fs0",,
0000000080004ffa,,t3:8000000000000000,,41dede33,1,"sra     t3, t4, t4",,
0000000080004ffe,,a5:0000000000000000,,002797f3,1,"csrrw   a5, frm, a5",,
0000000080005002,,fs10:41ccd42800800000,,d22afd53,1,"fcvt.d.l fs10, s5",,
0000000080005006,,s11:0000000000000000,,02f6adb3,1,"mulhsu  s11, a3, a5",,
000000008000500a,,fs6:fff8000000000000,,22898b53,1,"fsgnj.d fs6, fs3, fs0",,
000000008000500e,,gp:fffffffffffff8b8,,8b818193,1,"addi    gp, gp, -1864",,
0000000080005012,,s5:0000000000000000,,409adabb,1,"sraw    s5, s5, s1",,
0000000080005016,,t2:0000000000000000,,000a9393,1,"slli    t2, s5, 0",,
000000008000501a,,a2:0000000000000018,,0bd27613,1,"andi    a2, tp, 189",,
000000008000501e,,fs0:4081780000000000,,d20b8453,1,"fcvt.d.w fs0, s7",,
0000000080005022,,fs1:4081780000000000,,2a3414d3,1,"fmax.d  fs1, fs0, ft3",,
0000000080005026,,s4:0000000000000000,,00c71a1b,1,"slliw   s4, a4, 12",,
000000008000502a,,s8:ffffffffd54ced58,,039d7c33,1,"remu    s8, s10, s9",,
000000008000502e,,s7:ffffffffffffffff,,c033fbd3,1,"fcvt.lu.s s7, ft7",,
0000000080005032,,gp:7fffffffffffffff,,c02971d3,1,"fcvt.l.s gp, fs2",,
0000000080005036,,s3:000000003d735000,,3d7359b7,1,"lui     s3, 0x3d735",,
000000008000503a,,s3:000000003d734c33,,c339899b,1,"addiw   s3, s3, -973",,
000000008000503e,,t2:000000003d734c11,,fde98393,1,"addi    t2, s3, -34",,
0000000080005042,,s2:0000000000000000,,0277a933,1,"mulhsu  s2, a5, t2",,
0000000080005046,,s11:000000003d734c33,,01b99dbb,1,"sllw    s11, s3, s11",,
000000008000504a,,s10:0000000000000010,,001d9d73,1,"csrrw   s10, fflags, s11",,
000000008000504e,,tp:0000000000000000,,01b5d233,1,"srl     tp, a1, s11",,
0000000080005052,,fs11:7ff0000000000000,,1b907dd3,1,"fdiv.d  fs11, ft0, fs9",,
0000000080005056,,a6:0000000000000000,,43aad813,1,"srai    a6, s5, 58",,
000000008000505a,,s0:0000000000000000,,4018d413,1,"srai    s0, a7, 1",,
000000008000505e,,fs4:7ff8000000000000,,0b2a7a53,1,"fsub.d  fs4, fs4, fs2",,
0000000080005062,,a1:fff8000000000000,,e20e85d3,1,"fmv.x.d a1, ft9",,
0000000080005066,,t3:8004000000000000,,02be2e33,1,"mulhsu  t3, t3, a1",,
000000008000506a,,a6:0000000000000000,,0008181b,1,"slliw   a6, a6, 0",,
000000008000506e,,s1:0000000000000001,,00a824b3,1,"slt     s1, a6, a0",,
0000000080005072,,fs8:7ff8000000000000,,0bd6fc53,1,"fsub.d  fs8, fa3, ft9",,
0000000080005076,,a5:000000003d734c33,,010d87bb,1,"addw    a5, s11, a6",,
000000008000507a,,fs6:ffffffff7fc00000,,401efb53,1,"fcvt.s.d fs6, ft9",,
000000008000507e,,a3:000000007fffffff,,c20b76d3,1,"fcvt.w.d a3, fs6",,
0000000080005082,,ft5:7ff8000000000000,,038b72d3,1,"fadd.d  ft5, fs6, fs8",,
0000000080005086,,a0:0000000000000000,,a3f48553,1,"fle.d   a0, fs1, ft11",,
000000008000508a,,a2:ffffffffffffffd5,,40cc5633,1,"sra     a2, s8, a2",,
0000000080004008,,s8:0000000080006008,,00002c17,3,"auipc   s8, 0x2",,
000000008000400c,,s8:00000000800060fa,,0f2c0c13,3,"addi    s8, s8, 242",,
0000000080004010,,ra:0000000080004014,,000c00e7,3,jalr    s8,,
00000000800060fa,,a5:000000008000508e,,341027f3,3,"csrrs   a5, mepc, zero",,
00000000800060fe,,a4:0000000000000002,,34202773,3,"csrrs   a4, mcause, zero",,
0000000080006102,,a3:00000000800060fa,,142026f3,3,"csrrs   a3, scause, zero",,
0000000080006106,,a2:0000000000000a00,,30402673,3,"csrrs   a2, mie, zero",,
000000008000610a,,a1:0000000000000080,,344025f3,3,"csrrs   a1, mip, zero",,
000000008000610e,,a1:00000000c0205073,,343025f3,3,"csrrs   a1, mtval, zero",,
0000000080006112,,a0:0000000000000004,,14302573,3,"csrrs   a0, stval, zero",,
0000000080006116,,s1:00000000000013d6,,b02024f3,3,"csrrs   s1, minstret, zero",,
000000008000612e,,a5:0000000080005092,,00000791,3,"c.addi  a5, 4",,
0000000080005092,,s8:00000000000cccd3,,02c0dc3b,1,"divuw   s8, ra, a2",,
0000000080005096,,ft3:ffffffff5f000000,,23f821d3,1,"fsgnjx.d ft3, fa6, ft11",,
000000008000509a,,a0:0000000000000000,,03f01513,1,"slli    a0, zero, 63",,
000000008000509e,,a3:000000005aa8e000,,5aa8e6b7,1,"lui     a3, 0x5aa8e",,
00000000800050a2,,ft10:7ff8000000000000,,123bff53,1,"fmul.d  ft10, fs7, ft3",,
00000000800050a6,,s11:fffffffffffffb83,,b83e6d93,1,"ori     s11, t3, -1149",,
00000000800050aa,,s8:ffffffffffffffff,,c034fc53,1,"fcvt.lu.s s8, fs1",,
00000000800050ae,,s1:0000000000000001,,0294c4bb,1,"divw    s1, s1, s1",,
00000000800050b2,,t1:000000007fffffff,,c201f353,1,"fcvt.w.d t1, ft3",,
00000000800050b6,,sp:000000000000001b,,00159173,1,"csrrw   sp, fflags, a1",,
00000000800050ba,,a5:00001fffffffffff,,00f1d7b3,1,"srl     a5, gp, a5",,
00000000800050be,,s6:000000000000022f,,c204fb53,1,"fcvt.w.d s6, fs1",,
00000000800050c2,,fs2:7ff8000000000000,,235f2953,1,"fsgnjx.d fs2, ft10, fs5",,
00000000800050ca,,s1:0000000000000000,,03d854b3,1,"divu    s1, a6, t4",,
00000000800050ce,,ra:fffffffffffffda6,,da6ce093,1,"ori     ra, s9, -602",,
00000000800050d2,,tp:0000000000000000,,02da1213,1,"slli    tp, s4, 45",,
00000000800050d6,,fs1:0000000000000000,,d224f4d3,1,"fcvt.d.l fs1, s1",,
00000000800050da,,s8:0000000000000436,,43620c13,1,"addi    s8, tp, 1078",,
00000000800050de,,gp:0000000075d460de,,f5d41197,1,"auipc   gp, 0xf5d41",,
00000000800050e2,,a4:0000000000000002,,00009726,1,"c.add   a4, s1",,
00000000800050e4,,t3:0000000000000013,,00199e73,1,"csrrw   t3, fflags, s3",,
00000000800050e8,,a1:ffffffffffffffff,,c03975d3,1,"fcvt.lu.s a1, fs2",,
00000000800050ec,,s8:0000000000000000,,00279c73,1,"csrrw   s8, frm, a5",,
00000000800050f0,,t3:0000000000000013,,00159e73,1,"csrrw   t3, fflags, a1",,
0000000080004008,,s8:0000000080006008,,00002c17,3,"auipc   s8, 0x2",,
000000008000400c,,s8:00000000800060fa,,0f2c0c13,3,"addi    s8, s8, 242",,
0000000080004010,,ra:0000000080004014,,000c00e7,3,jalr    s8,,
00000000800060fa,,a5:00000000800050f4,,341027f3,3,"csrrs   a5, mepc, zero",,
00000000800060fe,,a4:0000000000000002,,34202773,3,"csrrs   a4, mcause, zero",,
0000000080006102,,a3:00000000800060fa,,142026f3,3,"csrrs   a3, scause, zero",,
0000000080006106,,a2:0000000000000a00,,30402673,3,"csrrs   a2, mie, zero",,
000000008000610a,,a1:0000000000000080,,344025f3,3,"csrrs   a1, mip, zero",,
000000008000610e,,a1:000000001a9f7753,,343025f3,3,"csrrs   a1, mtval, zero",,
0000000080006112,,a0:0000000000000004,,14302573,3,"csrrs   a0, stval, zero",,
0000000080006116,,s1:00000000000013ff,,b02024f3,3,"csrrs   s1, minstret, zero",,
000000008000612e,,a5:00000000800050f8,,00000791,3,"c.addi  a5, 4",,
0000000080004008,,s8:0000000080006008,,00002c17,3,"auipc   s8, 0x2",,
000000008000400c,,s8:00000000800060fa,,0f2c0c13,3,"addi    s8, s8, 242",,
0000000080004010,,ra:0000000080004014,,000c00e7,3,jalr    s8,,
00000000800060fa,,a5:00000000800050f8,,341027f3,3,"csrrs   a5, mepc, zero",,
00000000800060fe,,a4:0000000000000002,,34202773,3,"csrrs   a4, mcause, zero",,
0000000080006102,,a3:00000000800060fa,,142026f3,3,"csrrs   a3, scause, zero",,
0000000080006106,,a2:0000000000000a00,,30402673,3,"csrrs   a2, mie, zero",,
000000008000610a,,a1:0000000000000080,,344025f3,3,"csrrs   a1, mip, zero",,
000000008000610e,,a1:00000000c03a7653,,343025f3,3,"csrrs   a1, mtval, zero",,
0000000080006112,,a0:0000000000000004,,14302573,3,"csrrs   a0, stval, zero",,
0000000080006116,,s1:000000000000140f,,b02024f3,3,"csrrs   s1, minstret, zero",,
000000008000612e,,a5:00000000800050fc,,00000791,3,"c.addi  a5, 4",,
0000000080004008,,s8:0000000080006008,,00002c17,3,"auipc   s8, 0x2",,
000000008000400c,,s8:00000000800060fa,,0f2c0c13,3,"addi    s8, s8, 242",,
0000000080004010,,ra:0000000080004014,,000c00e7,3,jalr    s8,,
00000000800060fa,,a5:00000000800050fc,,341027f3,3,"csrrs   a5, mepc, zero",,
00000000800060fe,,a4:0000000000000002,,34202773,3,"csrrs   a4, mcause, zero",,
0000000080006102,,a3:00000000800060fa,,142026f3,3,"csrrs   a3, scause, zero",,
0000000080006106,,a2:0000000000000a00,,30402673,3,"csrrs   a2, mie, zero",,
000000008000610a,,a1:0000000000000080,,344025f3,3,"csrrs   a1, mip, zero",,
000000008000610e,,a1:00000000c23cf3d3,,343025f3,3,"csrrs   a1, mtval, zero",,
0000000080006112,,a0:0000000000000004,,14302573,3,"csrrs   a0, stval, zero",,
0000000080006116,,s1:000000000000141f,,b02024f3,3,"csrrs   s1, minstret, zero",,
000000008000612e,,a5:0000000080005100,,00000791,3,"c.addi  a5, 4",,
0000000080005100,,a0:ffffffffffffffff,,00cb953b,1,"sllw    a0, s7, a2",,
0000000080005104,,a1:0000000000000000,,033135b3,1,"mulhu   a1, sp, s3",,
0000000080005108,,fa5:0000000000000000,,2ae187d3,1,"fmin.d  fa5, ft3, fa4",,
000000008000510c,,ft6:0000000000000002,,f2070353,1,"fmv.d.x ft6, a4",,
0000000080005110,,s9:0000000000000000,,02217cbb,1,"remuw   s9, sp, sp",,
0000000080005114,,a2:ffffffffffffffff,,fffa8613,1,"addi    a2, s5, -1",,
0000000080005118,,s8:0000000000000000,,411cdc3b,1,"sraw    s8, s9, a7",,
000000008000511c,,t2:000000000000001f,,001113f3,1,"csrrw   t2, fflags, sp",,
0000000080004008,,s8:0000000080006008,,00002c17,3,"auipc   s8, 0x2",,
000000008000400c,,s8:00000000800060fa,,0f2c0c13,3,"addi    s8, s8, 242",,
0000000080004010,,ra:0000000080004014,,000c00e7,3,jalr    s8,,
00000000800060fa,,a5:0000000080005120,,341027f3,3,"csrrs   a5, mepc, zero",,
00000000800060fe,,a4:0000000000000002,,34202773,3,"csrrs   a4, mcause, zero",,
0000000080006102,,a3:00000000800060fa,,142026f3,3,"csrrs   a3, scause, zero",,
0000000080006106,,a2:0000000000000a00,,30402673,3,"csrrs   a2, mie, zero",,
000000008000610a,,a1:0000000000000080,,344025f3,3,"csrrs   a1, mip, zero",,
000000008000610e,,a1:00000000d22171d3,,343025f3,3,"csrrs   a1, mtval, zero",,
0000000080006112,,a0:0000000000000004,,14302573,3,"csrrs   a0, stval, zero",,
0000000080006116,,s1:0000000000001437,,b02024f3,3,"csrrs   s1, minstret, zero",,
000000008000612e,,a5:0000000080005124,,00000791,3,"c.addi  a5, 4",,
0000000080005124,,ft6:8000000000000000,,22c61353,1,"fsgnjn.d ft6, fa2, fa2",,
0000000080005128,,s6:0000000000000000,,00045b1b,1,"srliw   s6, s0, 0",,
000000008000512c,,s6:000000000000081e,,7ff38b1b,1,"addiw   s6, t2, 2047",,
0000000080004008,,s8:0000000080006008,,00002c17,3,"auipc   s8, 0x2",,
000000008000400c,,s8:00000000800060fa,,0f2c0c13,3,"addi    s8, s8, 242",,
0000000080004010,,ra:0000000080004014,,000c00e7,3,jalr    s8,,
00000000800060fa,,a5:0000000080005134,,341027f3,3,"csrrs   a5, mepc, zero",,
00000000800060fe,,a4:0000000000000002,,34202773,3,"csrrs   a4, mcause, zero",,
0000000080006102,,a3:00000000800060fa,,142026f3,3,"csrrs   a3, scause, zero",,
0000000080006106,,a2:0000000000000a00,,30402673,3,"csrrs   a2, mie, zero",,
000000008000610a,,a1:0000000000000080,,344025f3,3,"csrrs   a1, mip, zero",,
000000008000610e,,a1:000000004b5c77c3,,343025f3,3,"csrrs   a1, mtval, zero",,
0000000080006112,,a0:0000000000000004,,14302573,3,"csrrs   a0, stval, zero",,
0000000080006116,,s1:000000000000144b,,b02024f3,3,"csrrs   s1, minstret, zero",,
000000008000612e,,a5:0000000080005138,,00000791,3,"c.addi  a5, 4",,
0000000080004008,,s8:0000000080006008,,00002c17,3,"auipc   s8, 0x2",,
000000008000400c,,s8:00000000800060fa,,0f2c0c13,3,"addi    s8, s8, 242",,
0000000080004010,,ra:0000000080004014,,000c00e7,3,jalr    s8,,
00000000800060fa,,a5:0000000080005138,,341027f3,3,"csrrs   a5, mepc, zero",,
00000000800060fe,,a4:0000000000000002,,34202773,3,"csrrs   a4, mcause, zero",,
0000000080006102,,a3:00000000800060fa,,142026f3,3,"csrrs   a3, scause, zero",,
0000000080006106,,a2:0000000000000a00,,30402673,3,"csrrs   a2, mie, zero",,
000000008000610a,,a1:0000000000000080,,344025f3,3,"csrrs   a1, mip, zero",,
000000008000610e,,a1:000000007b1b7fc7,,343025f3,3,"csrrs   a1, mtval, zero",,
0000000080006112,,a0:0000000000000004,,14302573,3,"csrrs   a0, stval, zero",,
0000000080006116,,s1:000000000000145b,,b02024f3,3,"csrrs   s1, minstret, zero",,
000000008000612e,,a5:000000008000513c,,00000791,3,"c.addi  a5, 4",,
000000008000513c,,ra:fffffffffff03b2f,,036c40bb,1,"divw    ra, s8, s6",,
0000000080005140,,s6:00000000000000bc,,0bc2cb13,1,"xori    s6, t0, 188",,
0000000080004008,,s8:0000000080006008,,00002c17,3,"auipc   s8, 0x2",,
000000008000400c,,s8:00000000800060fa,,0f2c0c13,3,"addi    s8, s8, 242",,
0000000080004010,,ra:0000000080004014,,000c00e7,3,jalr    s8,,
00000000800060fa,,a5:0000000080005144,,341027f3,3,"csrrs   a5, mepc, zero",,
00000000800060fe,,a4:0000000000000002,,34202773,3,"csrrs   a4, mcause, zero",,
0000000080006102,,a3:00000000800060fa,,142026f3,3,"csrrs   a3, scause, zero",,
0000000080006106,,a2:0000000000000a00,,30402673,3,"csrrs   a2, mie, zero",,
000000008000610a,,a1:0000000000000080,,344025f3,3,"csrrs   a1, mip, zero",,
000000008000610e,,a1:00000000d23673d3,,343025f3,3,"csrrs   a1, mtval, zero",,
0000000080006112,,a0:0000000000000004,,14302573,3,"csrrs   a0, stval, zero",,
0000000080006116,,s1:000000000000146d,,b02024f3,3,"csrrs   s1, minstret, zero",,
000000008000612e,,a5:0000000080005148,,00000791,3,"c.addi  a5, 4",,
0000000080005148,,s3:0000000000000000,,4135d9b3,1,"sra     s3, a1, s3",,
000000008000514c,,a0:0000000000000000,,a2788553,1,"fle.d   a0, fa7, ft7",,
0000000080005150,,s0:0000000000000000,,42c0d413,1,"srai    s0, ra, 44",,
0000000080005154,,s2:ffffffffffffffff,,fff0091b,1,"addiw   s2, zero, -1",,
0000000080004008,,s8:0000000080006008,,00002c17,3,"auipc   s8, 0x2",,
000000008000400c,,s8:00000000800060fa,,0f2c0c13,3,"addi    s8, s8, 242",,
0000000080004010,,ra:0000000080004014,,000c00e7,3,jalr    s8,,
00000000800060fa,,a5:0000000080005158,,341027f3,3,"csrrs   a5, mepc, zero",,
00000000800060fe,,a4:0000000000000002,,34202773,3,"csrrs   a4, mcause, zero",,
0000000080006102,,a3:00000000800060fa,,142026f3,3,"csrrs   a3, scause, zero",,
0000000080006106,,a2:0000000000000a00,,30402673,3,"csrrs   a2, mie, zero",,
000000008000610a,,a1:0000000000000080,,344025f3,3,"csrrs   a1, mip, zero",,
000000008000610e,,a1:00000000b3ae7e4b,,343025f3,3,"csrrs   a1, mtval, zero",,
0000000080006112,,a0:0000000000000004,,14302573,3,"csrrs   a0, stval, zero",,
0000000080006116,,s1:0000000000001481,,b02024f3,3,"csrrs   s1, minstret, zero",,
000000008000612e,,a5:000000008000515c,,00000791,3,"c.addi  a5, 4",,
000000008000515c,,tp:0000000000000000,,01f2521b,1,"srliw   tp, tp, 31",,
0000000080005160,,a6:0000000000000000,,00001813,1,"slli    a6, zero, 0",,
0000000080005164,,fa0:4067800000000000,,d20b0553,1,"fcvt.d.w fa0, s6",,
0000000080005168,,s6:0000000000000000,,00001b7e,1,"c.slli  s6, 63",,
000000008000516a,,a4:0000000000000000,,03306733,1,"rem     a4, zero, s3",,
000000008000516e,,t3:01f0000000000000,,03439e13,1,"slli    t3, t2, 52",,
0000000080005172,,gp:0000000000000000,,01a751bb,1,"srlw    gp, a4, s10",,
0000000080004008,,s8:0000000080006008,,00002c17,3,"auipc   s8, 0x2",,
000000008000400c,,s8:00000000800060fa,,0f2c0c13,3,"addi    s8, s8, 242",,
0000000080004010,,ra:0000000080004014,,000c00e7,3,jalr    s8,,
00000000800060fa,,a5:0000000080005176,,341027f3,3,"csrrs   a5, mepc, zero",,
00000000800060fe,,a4:0000000000000002,,34202773,3,"csrrs   a4, mcause, zero",,
0000000080006102,,a3:00000000800060fa,,142026f3,3,"csrrs   a3, scause, zero",,
0000000080006106,,a2:0000000000000a00,,30402673,3,"csrrs   a2, mie, zero",,
000000008000610a,,a1:0000000000000080,,344025f3,3,"csrrs   a1, mip, zero",,
000000008000610e,,a1:000000000b6efb53,,343025f3,3,"csrrs   a1, mtval, zero",,
0000000080006112,,a0:0000000000000004,,14302573,3,"csrrs   a0, stval, zero",,
0000000080006116,,s1:0000000000001498,,b02024f3,3,"csrrs   s1, minstret, zero",,
000000008000612e,,a5:000000008000517a,,00000791,3,"c.addi  a5, 4",,
000000008000517a,,t3:0000000000000000,,41f75e1b,1,"sraiw   t3, a4, 31",,
000000008000517e,,ft1:7ff8000000000000,,2a4980d3,1,"fmin.d  ft1, fs3, ft4",,
0000000080005182,,ra:ffffffffffffffff,,00cbe0b3,1,"or      ra, s7, a2",,
0000000080004008,,s8:0000000080006008,,00002c17,3,"auipc   s8, 0x2",,
000000008000400c,,s8:00000000800060fa,,0f2c0c13,3,"addi    s8, s8, 242",,
0000000080004010,,ra:0000000080004014,,000c00e7,3,jalr    s8,,
00000000800060fa,,a5:0000000080005186,,341027f3,3,"csrrs   a5, mepc, zero",,
00000000800060fe,,a4:0000000000000002,,34202773,3,"csrrs   a4, mcause, zero",,
0000000080006102,,a3:00000000800060fa,,142026f3,3,"csrrs   a3, scause, zero",,
0000000080006106,,a2:0000000000000a00,,30402673,3,"csrrs   a2, mie, zero",,
000000008000610a,,a1:0000000000000080,,344025f3,3,"csrrs   a1, mip, zero",,
000000008000610e,,a1:000000001219f1d3,,343025f3,3,"csrrs   a1, mtval, zero",,
0000000080006112,,a0:0000000000000004,,14302573,3,"csrrs   a0, stval, zero",,
0000000080006116,,s1:00000000000014ab,,b02024f3,3,"csrrs   s1, minstret, zero",,
000000008000612e,,a5:000000008000518a,,00000791,3,"c.addi  a5, 4",,
0000000080004008,,s8:0000000080006008,,00002c17,3,"auipc   s8, 0x2",,
000000008000400c,,s8:00000000800060fa,,0f2c0c13,3,"addi    s8, s8, 242",,
0000000080004010,,ra:0000000080004014,,000c00e7,3,jalr    s8,,
00000000800060fa,,a5:000000008000518a,,341027f3,3,"csrrs   a5, mepc, zero",,
00000000800060fe,,a4:0000000000000002,,34202773,3,"csrrs   a4, mcause, zero",,
0000000080006102,,a3:00000000800060fa,,142026f3,3,"csrrs   a3, scause, zero",,
0000000080006106,,a2:0000000000000a00,,30402673,3,"csrrs   a2, mie, zero",,
000000008000610a,,a1:0000000000000080,,344025f3,3,"csrrs   a1, mip, zero",,
000000008000610e,,a1:000000007b00b3f3,,343025f3,3,"csrrs   a1, mtval, zero",,
0000000080006112,,a0:0000000000000004,,14302573,3,"csrrs   a0, stval, zero",,
0000000080006116,,s1:00000000000014bb,,b02024f3,3,"csrrs   s1, minstret, zero",,
000000008000612e,,a5:000000008000518e,,00000791,3,"c.addi  a5, 4",,
000000008000518e,,s2:0000000000000000,,4015593b,1,"sraw    s2, a0, ra",,
0000000080005192,,s7:0000000048a74192,,c8a6fb97,1,"auipc   s7, 0xc8a6f",,
0000000080005196,,tp:0000000000000000,,e7827213,1,"andi    tp, tp, -392",,
000000008000519a,,t3:0000000001039000,,01039e37,1,"lui     t3, 0x1039",,
000000008000519e,,t3:00000000010392f9,,2f9e0e1b,1,"addiw   t3, t3, 761",,
00000000800051a2,,t3:00000020725f2000,,00000e36,1,"c.slli  t3, 13",,
00000000800051a4,,t3:00000020725f1e8b,,e8be0e13,1,"addi    t3, t3, -373",,
0000000080004008,,s8:0000000080006008,,00002c17,3,"auipc   s8, 0x2",,
000000008000400c,,s8:00000000800060fa,,0f2c0c13,3,"addi    s8, s8, 242",,
0000000080004010,,ra:0000000080004014,,000c00e7,3,jalr    s8,,
00000000800060fa,,a5:00000000800051a8,,341027f3,3,"csrrs   a5, mepc, zero",,
00000000800060fe,,a4:0000000000000002,,34202773,3,"csrrs   a4, mcause, zero",,
0000000080006102,,a3:00000000800060fa,,142026f3,3,"csrrs   a3, scause, zero",,
0000000080006106,,a2:0000000000000a00,,30402673,3,"csrrs   a2, mie, zero",,
000000008000610a,,a1:0000000000000080,,344025f3,3,"csrrs   a1, mip, zero",,
000000008000610e,,a1:00000000c02a7d53,,343025f3,3,"csrrs   a1, mtval, zero",,
0000000080006112,,a0:0000000000000004,,14302573,3,"csrrs   a0, stval, zero",,
0000000080006116,,s1:00000000000014d2,,b02024f3,3,"csrrs   s1, minstret, zero",,
000000008000612e,,a5:00000000800051ac,,00000791,3,"c.addi  a5, 4",,
0000000080004008,,s8:0000000080006008,,00002c17,3,"auipc   s8, 0x2",,
000000008000400c,,s8:00000000800060fa,,0f2c0c13,3,"addi    s8, s8, 242",,
0000000080004010,,ra:0000000080004014,,000c00e7,3,jalr    s8,,
00000000800060fa,,a5:00000000800051ac,,341027f3,3,"csrrs   a5, mepc, zero",,
00000000800060fe,,a4:0000000000000002,,34202773,3,"csrrs   a4, mcause, zero",,
0000000080006102,,a3:00000000800060fa,,142026f3,3,"csrrs   a3, scause, zero",,
0000000080006106,,a2:0000000000000a00,,30402673,3,"csrrs   a2, mie, zero",,
000000008000610a,,a1:0000000000000080,,344025f3,3,"csrrs   a1, mip, zero",,
000000008000610e,,a1:00000000c210f853,,343025f3,3,"csrrs   a1, mtval, zero",,
0000000080006112,,a0:0000000000000004,,14302573,3,"csrrs   a0, stval, zero",,
0000000080006116,,s1:00000000000014e2,,b02024f3,3,"csrrs   s1, minstret, zero",,
000000008000612e,,a5:00000000800051b0,,00000791,3,"c.addi  a5, 4",,
00000000800051b0,,t4:0000000000000000,,41fcde9b,1,"sraiw   t4, s9, 31",,
00000000800051b4,,s11:00000000800060fa,,016c5db3,1,"srl     s11, s8, s6",,
00000000800051b8,,sp:7ff8000000000000,,e20c0153,1,"fmv.x.d sp, fs8",,
00000000800051bc,,s11:0000000000000000,,036a8dbb,1,"mulw    s11, s5, s6",,
00000000800051c0,,s10:0000000000000000,,41fbdd1b,1,"sraiw   s10, s7, 31",,
00000000800051c4,,fa5:0000000000000000,,d21187d3,1,"fcvt.d.wu fa5, gp",,
00000000800051c8,,s8:fffffffffff9dee2,,029c4c3b,1,"divw    s8, s8, s1",,
00000000800051cc,,s1:fffffffffff9f3c4,,018484bb,1,"addw    s1, s1, s8",,
0000000080004008,,s8:0000000080006008,,00002c17,3,"auipc   s8, 0x2",,
000000008000400c,,s8:00000000800060fa,,0f2c0c13,3,"addi    s8, s8, 242",,
0000000080004010,,ra:0000000080004014,,000c00e7,3,jalr    s8,,
00000000800060fa,,a5:00000000800051d0,,341027f3,3,"csrrs   a5, mepc, zero",,
00000000800060fe,,a4:0000000000000002,,34202773,3,"csrrs   a4, mcause, zero",,
0000000080006102,,a3:00000000800060fa,,142026f3,3,"csrrs   a3, scause, zero",,
0000000080006106,,a2:0000000000000a00,,30402673,3,"csrrs   a2, mie, zero",,
000000008000610a,,a1:0000000000000080,,344025f3,3,"csrrs   a1, mip, zero",,
000000008000610e,,a1:0000000012c673d3,,343025f3,3,"csrrs   a1, mtval, zero",,
0000000080006112,,a0:0000000000000004,,14302573,3,"csrrs   a0, stval, zero",,
0000000080006116,,s1:00000000000014fa,,b02024f3,3,"csrrs   s1, minstret, zero",,
000000008000612e,,a5:00000000800051d4,,00000791,3,"c.addi  a5, 4",,
00000000800051d4,,s9:000000007fffb400,,40d48cbb,1,"subw    s9, s1, a3",,
0000000080004008,,s8:0000000080006008,,00002c17,3,"auipc   s8, 0x2",,
000000008000400c,,s8:00000000800060fa,,0f2c0c13,3,"addi    s8, s8, 242",,
0000000080004010,,ra:0000000080004014,,000c00e7,3,jalr    s8,,
00000000800060fa,,a5:00000000800051d8,,341027f3,3,"csrrs   a5, mepc, zero",,
00000000800060fe,,a4:0000000000000002,,34202773,3,"csrrs   a4, mcause, zero",,
0000000080006102,,a3:00000000800060fa,,142026f3,3,"csrrs   a3, scause, zero",,
0000000080006106,,a2:0000000000000a00,,30402673,3,"csrrs   a2, mie, zero",,
000000008000610a,,a1:0000000000000080,,344025f3,3,"csrrs   a1, mip, zero",,
000000008000610e,,a1:00000000d2317ed3,,343025f3,3,"csrrs   a1, mtval, zero",,
0000000080006112,,a0:0000000000000004,,14302573,3,"csrrs   a0, stval, zero",,
0000000080006116,,s1:000000000000150b,,b02024f3,3,"csrrs   s1, minstret, zero",,
000000008000612e,,a5:00000000800051dc,,00000791,3,"c.addi  a5, 4",,
00000000800051dc,,s10:ffffffffffffffff,,02265d3b,1,"divuw   s10, a2, sp",,
0000000080004008,,s8:0000000080006008,,00002c17,3,"auipc   s8, 0x2",,
000000008000400c,,s8:00000000800060fa,,0f2c0c13,3,"addi    s8, s8, 242",,
0000000080004010,,ra:0000000080004014,,000c00e7,3,jalr    s8,,
00000000800060fa,,a5:00000000800051e0,,341027f3,3,"csrrs   a5, mepc, zero",,
00000000800060fe,,a4:0000000000000002,,34202773,3,"csrrs   a4, mcause, zero",,
0000000080006102,,a3:00000000800060fa,,142026f3,3,"csrrs   a3, scause, zero",,
0000000080006106,,a2:0000000000000a00,,30402673,3,"csrrs   a2, mie, zero",,
000000008000610a,,a1:0000000000000080,,344025f3,3,"csrrs   a1, mip, zero",,
000000008000610e,,a1:00000000c226f253,,343025f3,3,"csrrs   a1, mtval, zero",,
0000000080006112,,a0:0000000000000004,,14302573,3,"csrrs   a0, stval, zero",,
0000000080006116,,s1:000000000000151c,,b02024f3,3,"csrrs   s1, minstret, zero",,
000000008000612e,,a5:00000000800051e4,,00000791,3,"c.addi  a5, 4",,
00000000800051e4,,fa4:00000000c226f253,,f2058753,1,"fmv.d.x fa4, a1",,
00000000800051e8,,fa0:41e844de4a600000,,d2158553,1,"fcvt.d.wu fa0, a1",,
00000000800051ec,,s8:000000004c000000,,01859c3b,1,"sllw    s8, a1, s8",,
0000000080004008,,s8:0000000080006008,,00002c17,3,"auipc   s8, 0x2",,
000000008000400c,,s8:00000000800060fa,,0f2c0c13,3,"addi    s8, s8, 242",,
0000000080004010,,ra:0000000080004014,,000c00e7,3,jalr    s8,,
00000000800060fa,,a5:00000000800051f0,,341027f3,3,"csrrs   a5, mepc, zero",,
00000000800060fe,,a4:0000000000000002,,34202773,3,"csrrs   a4, mcause, zero",,
0000000080006102,,a3:00000000800060fa,,142026f3,3,"csrrs   a3, scause, zero",,
0000000080006106,,a2:0000000000000a00,,30402673,3,"csrrs   a2, mie, zero",,
000000008000610a,,a1:0000000000000080,,344025f3,3,"csrrs   a1, mip, zero",,
000000008000610e,,a1:000000007261f1c7,,343025f3,3,"csrrs   a1, mtval, zero",,
0000000080006112,,a0:0000000000000004,,14302573,3,"csrrs   a0, stval, zero",,
0000000080006116,,s1:000000000000152f,,b02024f3,3,"csrrs   s1, minstret, zero",,
000000008000612e,,a5:00000000800051f4,,00000791,3,"c.addi  a5, 4",,
0000000080004008,,s8:0000000080006008,,00002c17,3,"auipc   s8, 0x2",,
000000008000400c,,s8:00000000800060fa,,0f2c0c13,3,"addi    s8, s8, 242",,
0000000080004010,,ra:0000000080004014,,000c00e7,3,jalr    s8,,
00000000800060fa,,a5:00000000800051f4,,341027f3,3,"csrrs   a5, mepc, zero",,
00000000800060fe,,a4:0000000000000002,,34202773,3,"csrrs   a4, mcause, zero",,
0000000080006102,,a3:00000000800060fa,,142026f3,3,"csrrs   a3, scause, zero",,
0000000080006106,,a2:0000000000000a00,,30402673,3,"csrrs   a2, mie, zero",,
000000008000610a,,a1:0000000000000080,,344025f3,3,"csrrs   a1, mip, zero",,
000000008000610e,,a1:00000000c031fad3,,343025f3,3,"csrrs   a1, mtval, zero",,
0000000080006112,,a0:0000000000000004,,14302573,3,"csrrs   a0, stval, zero",,
0000000080006116,,s1:000000000000153f,,b02024f3,3,"csrrs   s1, minstret, zero",,
000000008000612e,,a5:00000000800051f8,,00000791,3,"c.addi  a5, 4",,
0000000080004008,,s8:0000000080006008,,00002c17,3,"auipc   s8, 0x2",,
000000008000400c,,s8:00000000800060fa,,0f2c0c13,3,"addi    s8, s8, 242",,
0000000080004010,,ra:0000000080004014,,000c00e7,3,jalr    s8,,
00000000800060fa,,a5:00000000800051f8,,341027f3,3,"csrrs   a5, mepc, zero",,
00000000800060fe,,a4:0000000000000002,,34202773,3,"csrrs   a4, mcause, zero",,
0000000080006102,,a3:00000000800060fa,,142026f3,3,"csrrs   a3, scause, zero",,
0000000080006106,,a2:0000000000000a00,,30402673,3,"csrrs   a2, mie, zero",,
000000008000610a,,a1:0000000000000080,,344025f3,3,"csrrs   a1, mip, zero",,
000000008000610e,,a1:000000000ae1f4d3,,343025f3,3,"csrrs   a1, mtval, zero",,
0000000080006112,,a0:0000000000000004,,14302573,3,"csrrs   a0, stval, zero",,
0000000080006116,,s1:000000000000154f,,b02024f3,3,"csrrs   s1, minstret, zero",,
000000008000612e,,a5:00000000800051fc,,00000791,3,"c.addi  a5, 4",,
0000000080004008,,s8:0000000080006008,,00002c17,3,"auipc   s8, 0x2",,
000000008000400c,,s8:00000000800060fa,,0f2c0c13,3,"addi    s8, s8, 242",,
0000000080004010,,ra:0000000080004014,,000c00e7,3,jalr    s8,,
00000000800060fa,,a5:00000000800051fc,,341027f3,3,"csrrs   a5, mepc, zero",,
00000000800060fe,,a4:0000000000000002,,34202773,3,"csrrs   a4, mcause, zero",,
0000000080006102,,a3:00000000800060fa,,142026f3,3,"csrrs   a3, scause, zero",,
0000000080006106,,a2:0000000000000a00,,30402673,3,"csrrs   a2, mie, zero",,
000000008000610a,,a1:0000000000000080,,344025f3,3,"csrrs   a1, mip, zero",,
000000008000610e,,a1:00000000fa847f4b,,343025f3,3,"csrrs   a1, mtval, zero",,
0000000080006112,,a0:0000000000000004,,14302573,3,"csrrs   a0, stval, zero",,
0000000080006116,,s1:000000000000155f,,b02024f3,3,"csrrs   s1, minstret, zero",,
000000008000612e,,a5:0000000080005200,,00000791,3,"c.addi  a5, 4",,
0000000080005200,,t2:ffffffffffffffff,,023553bb,1,"divuw   t2, a0, gp",,
0000000080005204,,fs7:ffffffff5f000000,,23e82bd3,1,"fsgnjx.d fs7, fa6, ft10",,
0000000080004008,,s8:0000000080006008,,00002c17,3,"auipc   s8, 0x2",,
000000008000400c,,s8:00000000800060fa,,0f2c0c13,3,"addi    s8, s8, 242",,
0000000080004010,,ra:0000000080004014,,000c00e7,3,jalr    s8,,
00000000800060fa,,a5:0000000080005208,,341027f3,3,"csrrs   a5, mepc, zero",,
00000000800060fe,,a4:0000000000000002,,34202773,3,"csrrs   a4, mcause, zero",,
0000000080006102,,a3:00000000800060fa,,142026f3,3,"csrrs   a3, scause, zero",,
0000000080006106,,a2:0000000000000a00,,30402673,3,"csrrs   a2, mie, zero",,
000000008000610a,,a1:0000000000000080,,344025f3,3,"csrrs   a1, mip, zero",,
000000008000610e,,a1:000000006b19f8cf,,343025f3,3,"csrrs   a1, mtval, zero",,
0000000080006112,,a0:0000000000000004,,14302573,3,"csrrs   a0, stval, zero",,
0000000080006116,,s1:0000000000001571,,b02024f3,3,"csrrs   s1, minstret, zero",,
000000008000612e,,a5:000000008000520c,,00000791,3,"c.addi  a5, 4",,
000000008000520c,,t3:0000000000000000,,40300e33,1,"sub     t3, zero, gp",,
0000000080004008,,s8:0000000080006008,,00002c17,3,"auipc   s8, 0x2",,
000000008000400c,,s8:00000000800060fa,,0f2c0c13,3,"addi    s8, s8, 242",,
0000000080004010,,ra:0000000080004014,,000c00e7,3,jalr    s8,,
00000000800060fa,,a5:0000000080005210,,341027f3,3,"csrrs   a5, mepc, zero",,
00000000800060fe,,a4:0000000000000002,,34202773,3,"csrrs   a4, mcause, zero",,
0000000080006102,,a3:00000000800060fa,,142026f3,3,"csrrs   a3, scause, zero",,
0000000080006106,,a2:0000000000000a00,,30402673,3,"csrrs   a2, mie, zero",,
000000008000610a,,a1:0000000000000080,,344025f3,3,"csrrs   a1, mip, zero",,
000000008000610e,,a1:000000005a03f053,,343025f3,3,"csrrs   a1, mtval, zero",,
0000000080006112,,a0:0000000000000004,,14302573,3,"csrrs   a0, stval, zero",,
0000000080006116,,s1:0000000000001582,,b02024f3,3,"csrrs   s1, minstret, zero",,
000000008000612e,,a5:0000000080005214,,00000791,3,"c.addi  a5, 4",,
0000000080005214,,s5:0000000000000000,,01c1dabb,1,"srlw    s5, gp, t3",,
0000000080005218,,s0:0000000000000583,,b8360413,1,"addi    s0, a2, -1149",,
000000008000521c,,t3:0000000000002c18,,00841e33,1,"sll     t3, s0, s0",,
0000000080005220,,s1:00000000000014b4,,1364c493,1,"xori    s1, s1, 310",,
0000000080005224,,a2:fffffffff240a000,,f240a637,1,"lui     a2, 0xf240a",,
0000000080005228,,s6:0000000000000000,,40bb5b1b,1,"sraiw   s6, s6, 11",,
0000000080004008,,s8:0000000080006008,,00002c17,3,"auipc   s8, 0x2",,
000000008000400c,,s8:00000000800060fa,,0f2c0c13,3,"addi    s8, s8, 242",,
0000000080004010,,ra:0000000080004014,,000c00e7,3,jalr    s8,,
00000000800060fa,,a5:0000000080005230,,341027f3,3,"csrrs   a5, mepc, zero",,
00000000800060fe,,a4:0000000000000002,,34202773,3,"csrrs   a4, mcause, zero",,
0000000080006102,,a3:00000000800060fa,,142026f3,3,"csrrs   a3, scause, zero",,
0000000080006106,,a2:0000000000000a00,,30402673,3,"csrrs   a2, mie, zero",,
000000008000610a,,a1:0000000000000080,,344025f3,3,"csrrs   a1, mip, zero",,
000000008000610e,,a1:0000000093177acb,,343025f3,3,"csrrs   a1, mtval, zero",,
0000000080006112,,a0:0000000000000004,,14302573,3,"csrrs   a0, stval, zero",,
0000000080006116,,s1:0000000000001599,,b02024f3,3,"csrrs   s1, minstret, zero",,
000000008000612e,,a5:0000000080005234,,00000791,3,"c.addi  a5, 4",,
0000000080005234,,s4:0000000000000000,,0142fa33,1,"and     s4, t0, s4",,
000000008000523a,,s9:0000000000000000,,0265dc93,1,"srli    s9, a1, 38",,
0000000080004008,,s8:0000000080006008,,00002c17,3,"auipc   s8, 0x2",,
000000008000400c,,s8:00000000800060fa,,0f2c0c13,3,"addi    s8, s8, 242",,
0000000080004010,,ra:0000000080004014,,000c00e7,3,jalr    s8,,
00000000800060fa,,a5:0000000080005242,,341027f3,3,"csrrs   a5, mepc, zero",,
00000000800060fe,,a4:0000000000000002,,34202773,3,"csrrs   a4, mcause, zero",,
0000000080006102,,a3:00000000800060fa,,142026f3,3,"csrrs   a3, scause, zero",,
0000000080006106,,a2:0000000000000a00,,30402673,3,"csrrs   a2, mie, zero",,
000000008000610a,,a1:0000000000000080,,344025f3,3,"csrrs   a1, mip, zero",,
000000008000610e,,a1:00000000d03177d3,,343025f3,3,"csrrs   a1, mtval, zero",,
0000000080006112,,a0:0000000000000004,,14302573,3,"csrrs   a0, stval, zero",,
0000000080006116,,s1:00000000000015ad,,b02024f3,3,"csrrs   s1, minstret, zero",,
000000008000612e,,a5:0000000080005246,,00000791,3,"c.addi  a5, 4",,
0000000080005246,,s8:ffffffff800063da,,2e0c0c1b,1,"addiw   s8, s8, 736",,
000000008000524a,,s0:0000000000000000,,000c7413,1,"andi    s0, s8, 0",,
0000000080004008,,s8:0000000080006008,,00002c17,3,"auipc   s8, 0x2",,
000000008000400c,,s8:00000000800060fa,,0f2c0c13,3,"addi    s8, s8, 242",,
0000000080004010,,ra:0000000080004014,,000c00e7,3,jalr    s8,,
00000000800060fa,,a5:000000008000524e,,341027f3,3,"csrrs   a5, mepc, zero",,
00000000800060fe,,a4:0000000000000002,,34202773,3,"csrrs   a4, mcause, zero",,
0000000080006102,,a3:00000000800060fa,,142026f3,3,"csrrs   a3, scause, zero",,
0000000080006106,,a2:0000000000000a00,,30402673,3,"csrrs   a2, mie, zero",,
000000008000610a,,a1:0000000000000080,,344025f3,3,"csrrs   a1, mip, zero",,
000000008000610e,,a1:00000000f143bc73,,343025f3,3,"csrrs   a1, mtval, zero",,
0000000080006112,,a0:0000000000000004,,14302573,3,"csrrs   a0, stval, zero",,
0000000080006116,,s1:00000000000015bf,,b02024f3,3,"csrrs   s1, minstret, zero",,
000000008000612e,,a5:0000000080005252,,00000791,3,"c.addi  a5, 4",,
0000000080005252,,gp:ffffffffe7c04000,,e7c041b7,1,"lui     gp, 0xe7c04",,
0000000080005256,,t1:0000000000000000,,0284633b,1,"remw    t1, s0, s0",,
000000008000525a,,s10:000000002352b000,,2352bd37,1,"lui     s10, 0x2352b",,
000000008000525e,,a1:0000000000000000,,01fa159b,1,"slliw   a1, s4, 31",,
0000000080004008,,s8:0000000080006008,,00002c17,3,"auipc   s8, 0x2",,
000000008000400c,,s8:00000000800060fa,,0f2c0c13,3,"addi    s8, s8, 242",,
0000000080004010,,ra:0000000080004014,,000c00e7,3,jalr    s8,,
00000000800060fa,,a5:0000000080005262,,341027f3,3,"csrrs   a5, mepc, zero",,
00000000800060fe,,a4:0000000000000002,,34202773,3,"csrrs   a4, mcause, zero",,
0000000080006102,,a3:00000000800060fa,,142026f3,3,"csrrs   a3, scause, zero",,
0000000080006106,,a2:0000000000000a00,,30402673,3,"csrrs   a2, mie, zero",,
000000008000610a,,a1:0000000000000080,,344025f3,3,"csrrs   a1, mip, zero",,
000000008000610e,,a1:00000000d225fad3,,343025f3,3,"csrrs   a1, mtval, zero",,
0000000080006112,,a0:0000000000000004,,14302573,3,"csrrs   a0, stval, zero",,
0000000080006116,,s1:00000000000015d3,,b02024f3,3,"csrrs   s1, minstret, zero",,
000000008000612e,,a5:0000000080005266,,00000791,3,"c.addi  a5, 4",,
0000000080005266,,s5:0000000000000000,,007c9abb,1,"sllw    s5, s9, t2",,
000000008000526e,,s0:0000000000000013,,013ce413,1,"ori     s0, s9, 19",,
0000000080005272,,s11:0000000000000001,,00194d93,1,"xori    s11, s2, 1",,
0000000080004008,,s8:0000000080006008,,00002c17,3,"auipc   s8, 0x2",,
000000008000400c,,s8:00000000800060fa,,0f2c0c13,3,"addi    s8, s8, 242",,
0000000080004010,,ra:0000000080004014,,000c00e7,3,jalr    s8,,
00000000800060fa,,a5:0000000080005276,,341027f3,3,"csrrs   a5, mepc, zero",,
00000000800060fe,,a4:0000000000000002,,34202773,3,"csrrs   a4, mcause, zero",,
0000000080006102,,a3:00000000800060fa,,142026f3,3,"csrrs   a3, scause, zero",,
0000000080006106,,a2:0000000000000a00,,30402673,3,"csrrs   a2, mie, zero",,
000000008000610a,,a1:0000000000000080,,344025f3,3,"csrrs   a1, mip, zero",,
000000008000610e,,a1:00000000aafaf3cb,,343025f3,3,"csrrs   a1, mtval, zero",,
0000000080006112,,a0:0000000000000004,,14302573,3,"csrrs   a0, stval, zero",,
0000000080006116,,s1:00000000000015e7,,b02024f3,3,"csrrs   s1, minstret, zero",,
000000008000612e,,a5:000000008000527a,,00000791,3,"c.addi  a5, 4",,
0000000080004008,,s8:0000000080006008,,00002c17,3,"auipc   s8, 0x2",,
000000008000400c,,s8:00000000800060fa,,0f2c0c13,3,"addi    s8, s8, 242",,
0000000080004010,,ra:0000000080004014,,000c00e7,3,jalr    s8,,
00000000800060fa,,a5:000000008000527a,,341027f3,3,"csrrs   a5, mepc, zero",,
00000000800060fe,,a4:0000000000000002,,34202773,3,"csrrs   a4, mcause, zero",,
0000000080006102,,a3:00000000800060fa,,142026f3,3,"csrrs   a3, scause, zero",,
0000000080006106,,a2:0000000000000a00,,30402673,3,"csrrs   a2, mie, zero",,
000000008000610a,,a1:0000000000000080,,344025f3,3,"csrrs   a1, mip, zero",,
000000008000610e,,a1:00000000c024f7d3,,343025f3,3,"csrrs   a1, mtval, zero",,
0000000080006112,,a0:0000000000000004,,14302573,3,"csrrs   a0, stval, zero",,
0000000080006116,,s1:00000000000015f7,,b02024f3,3,"csrrs   s1, minstret, zero",,
000000008000612e,,a5:000000008000527e,,00000791,3,"c.addi  a5, 4",,
000000008000527e,,a1:0000000000000453,,65b4f593,1,"andi    a1, s1, 1627",,
0000000080005282,,a5:0000000000000000,,002cf7b3,1,"and     a5, s9, sp",,
0000000080005286,,s10:0000000000000000,,01262d33,1,"slt     s10, a2, s2",,
0000000080004008,,s8:0000000080006008,,00002c17,3,"auipc   s8, 0x2",,
000000008000400c,,s8:00000000800060fa,,0f2c0c13,3,"addi    s8, s8, 242",,
0000000080004010,,ra:0000000080004014,,000c00e7,3,jalr    s8,,
00000000800060fa,,a5:000000008000528a,,341027f3,3,"csrrs   a5, mepc, zero",,
00000000800060fe,,a4:0000000000000002,,34202773,3,"csrrs   a4, mcause, zero",,
0000000080006102,,a3:00000000800060fa,,142026f3,3,"csrrs   a3, scause, zero",,
0000000080006106,,a2:0000000000000a00,,30402673,3,"csrrs   a2, mie, zero",,
000000008000610a,,a1:0000000000000080,,344025f3,3,"csrrs   a1, mip, zero",,
000000008000610e,,a1:000000006b8d76cf,,343025f3,3,"csrrs   a1, mtval, zero",,
0000000080006112,,a0:0000000000000004,,14302573,3,"csrrs   a0, stval, zero",,
0000000080006116,,s1:000000000000160a,,b02024f3,3,"csrrs   s1, minstret, zero",,
000000008000612e,,a5:000000008000528e,,00000791,3,"c.addi  a5, 4",,
000000008000528e,,sp:0000000000000013,,008d6133,1,"or      sp, s10, s0",,
0000000080005292,,t2:0000000000000000,,03d4a3b3,1,"mulhsu  t2, s1, t4",,
0000000080005296,,sp:000000000000160a,,40748133,1,"sub     sp, s1, t2",,
0000000080004008,,s8:0000000080006008,,00002c17,3,"auipc   s8, 0x2",,
000000008000400c,,s8:00000000800060fa,,0f2c0c13,3,"addi    s8, s8, 242",,
0000000080004010,,ra:0000000080004014,,000c00e7,3,jalr    s8,,
00000000800060fa,,a5:000000008000529e,,341027f3,3,"csrrs   a5, mepc, zero",,
00000000800060fe,,a4:0000000000000002,,34202773,3,"csrrs   a4, mcause, zero",,
0000000080006102,,a3:00000000800060fa,,142026f3,3,"csrrs   a3, scause, zero",,
0000000080006106,,a2:0000000000000a00,,30402673,3,"csrrs   a2, mie, zero",,
000000008000610a,,a1:0000000000000080,,344025f3,3,"csrrs   a1, mip, zero",,
000000008000610e,,a1:00000000b8252d73,,343025f3,3,"csrrs   a1, mtval, zero",,
0000000080006112,,a0:0000000000000004,,14302573,3,"csrrs   a0, stval, zero",,
0000000080006116,,s1:000000000000161e,,b02024f3,3,"csrrs   s1, minstret, zero",,
000000008000612e,,a5:00000000800052a2,,00000791,3,"c.addi  a5, 4",,
00000000800052a2,,ra:0000000000000007,,002020f3,1,"csrrs   ra, frm, zero",,
00000000800052a6,,t0:000000000f287000,,0f2872b7,1,"lui     t0, 0xf287",,
00000000800052aa,,a4:0000000000000000,,02520733,1,"mul     a4, tp, t0",,
00000000800052ae,,s7:41ccd42800800000,,e20d0bd3,1,"fmv.x.d s7, fs10",,
00000000800052b4,,fa0:80000000c226f253,,22571553,1,"fsgnjn.d fa0, fa4, ft5",,
00000000800052b8,,a1:41ccd428008007f3,,7f3b8593,1,"addi    a1, s7, 2035",,
00000000800052bc,,a3:0000000000000007,,002d16f3,1,"csrrw   a3, frm, s10",,
00000000800052c0,,s0:0000000000000000,,0287743b,1,"remuw   s0, a4, s0",,
00000000800052c4,,t1:0000000000000000,,03537333,1,"remu    t1, t1, s5",,
00000000800052c8,,tp:0000000000000000,,024b0233,1,"mul     tp, s6, tp",,
00000000800052cc,,s11:ffffffffe5d2b000,,e5d2bdb7,1,"lui     s11, 0xe5d2b",,
00000000800052d0,,a7:00000000073dc000,,073dc8b7,1,"lui     a7, 0x73dc",,
00000000800052d4,,a7:00000000073db877,,8778889b,1,"addiw   a7, a7, -1929",,
00000000800052d8,,a7:00000073db877000,,000008b2,1,"c.slli  a7, 12",,
00000000800052da,,a7:00000073db876ffe,,000018f9,1,"c.addi  a7, -2",,
00000000800052dc,,a0:0000000000000000,,027ba533,1,"mulhsu  a0, s7, t2",,
00000000800052e0,,fs2:00000000e07b9722,,2b269953,1,"fmax.d  fs2, fa3, fs2",,
00000000800052e4,,t0:000000000000051f,,51f56293,1,"ori     t0, a0, 1311",,
00000000800052e8,,tp:0000000000002c18,,01cd4233,1,"xor     tp, s10, t3",,
00000000800052ec,,fs1:0000000000000000,,0ac674d3,1,"fsub.d  fs1, fa2, fa2",,
00000000800052f0,,ft1:8000000000000000,,2a6310d3,1,"fmax.d  ft1, ft6, ft6",,
00000000800052f4,,s3:0000000000002c18,,40025993,1,"srai    s3, tp, 0",,
00000000800052f8,,t4:0000000000000000,,00259ef3,1,"csrrw   t4, frm, a1",,
0000000080005300,,s10:fffffffffffff836,,83600d13,1,"li      s10, -1994",,
0000000080005304,,s5:00000000007fffc1,,fc1b8a9b,1,"addiw   s5, s7, -63",,
000000008000530c,,t2:fffffffffffffff3,,b525e393,1,"ori     t2, a1, -1198",,
0000000080005310,,a7:fffffffffffff800,,8004089b,1,"addiw   a7, s0, -2048",,
0000000080005314,,t0:0000000000802bd9,,015202bb,1,"addw    t0, tp, s5",,
0000000080005318,,s5:0000000000000001,,00180a9b,1,"addiw   s5, a6, 1",,
000000008000531c,,t3:0000000000002c18,,01c50e3b,1,"addw    t3, a0, t3",,
0000000080005320,,a0:00000000000003ff,,01ad5533,1,"srl     a0, s10, s10",,
0000000080005324,,fa6:7ff8000000000000,,5a057853,1,"fsqrt.d fa6, fa0",,
0000000080005328,,a7:000000000000261f,,a07e089b,1,"addiw   a7, t3, -1529",,
000000008000532c,,a2:000000001d26e32c,,9d269617,1,"auipc   a2, 0x9d269",,
0000000080005330,,s4:0000000000000000,,41085a33,1,"sra     s4, a6, a6",,
0000000080005334,,a4:0000000000000000,,40d1571b,1,"sraiw   a4, sp, 13",,
0000000080005338,,t3:0000000030000000,,005e1e3b,1,"sllw    t3, t3, t0",,
000000008000533c,,ra:0000000000000000,,071e7093,1,"andi    ra, t3, 113",,
0000000080005340,,s5:8000000000000000,,e2008ad3,1,"fmv.x.d s5, ft1",,
0000000080005344,,a6:0000000000000000,,02d69833,1,"mulh    a6, a3, a3",,
0000000080005348,,fs10:7ff8000000000000,,420d0d53,1,"fcvt.d.s fs10, fs10",,
000000008000534c,,ra:0000000000000017,,001020f3,1,"csrrs   ra, fflags, zero",,
0000000080005350,,a5:0000000000000000,,007057bb,1,"srlw    a5, zero, t2",,
0000000080005354,,a5:00000000000007f3,,7ff5f793,1,"andi    a5, a1, 2047",,
0000000080005358,,gp:ffffffffd967b000,,d967b1b7,1,"lui     gp, 0xd967b",,
000000008000535c,,t2:60c0000000000000,,00f213b3,1,"sll     t2, tp, a5",,
0000000080005360,,fa2:7ff8000000000000,,8a3d764f,1,"fnmadd.d fa2, fs10, ft3, fa7",,
0000000080005364,,s7:fffffffffffff8a0,,8a040b93,1,"addi    s7, s0, -1888",,
000000008000536c,,ft9:ffffffff4b002bd9,,d032fed3,1,"fcvt.s.lu ft9, t0",,
0000000080005370,,a2:0000000000000001,,c2077653,1,"fcvt.w.d a2, fa4",,
0000000080005374,,s6:0000000000000000,,01f11b1b,1,"slliw   s6, sp, 31",,
0000000080005378,,ft2:40c30f8000000000,,d2188153,1,"fcvt.d.wu ft2, a7",,
000000008000537c,,t1:7ff8000000000000,,e20c0353,1,"fmv.x.d t1, fs8",,
0000000080005384,,fs11:4037000000000000,,d230fdd3,1,"fcvt.d.lu fs11, ra",,
0000000080005388,,t3:0000000000000000,,00be1e3b,1,"sllw    t3, t3, a1",,
000000008000538c,,s9:0000000052d46000,,52d46cb7,1,"lui     s9, 0x52d46",,
0000000080005390,,fs6:ffffffffce1a6140,,d021fb53,1,"fcvt.s.l fs6, gp",,
0000000080005394,,t0:e0c0000000000000,,007ae2b3,1,"or      t0, s5, t2",,
0000000080005398,,a3:0000000000000000,,a28b06d3,1,"fle.d   a3, fs6, fs0",,
000000008000539c,,s1:0000000000000003,,002024f3,1,"csrrs   s1, frm, zero",,
00000000800053a0,,s10:e0c0000052d46000,,005ccd33,1,"xor     s10, s9, t0",,
00000000800053a4,,s7:0000000000000582,,40215b9b,1,"sraiw   s7, sp, 2",,
00000000800053a8,,s8:e0c0000052d462d9,,2d9d0c13,1,"addi    s8, s10, 729",,
00000000800053ac,,s0:0000000000000000,,c22af453,1,"fcvt.l.d s0, fs5",,
00000000800053b0,,a2:0000000000000004,,143b6673,1,"csrrsi  a2, stval, 22",,
00000000800053b4,,a4:0000000000000000,,00c6573b,1,"srlw    a4, a2, a2",,
00000000800053b8,,fs4:7ff8000000000000,,0367fa47,1,"fmsub.d fs4, fa5, fs6, ft0",,
00000000800053bc,,s2:0000000000000000,,014a193b,1,"sllw    s2, s4, s4",,
00000000800053c0,,fs1:0000000000000000,,d22a74d3,1,"fcvt.d.l fs1, s4",,
00000000800053c4,,ft10:4008000000000000,,d234ff53,1,"fcvt.d.lu ft10, s1",,
00000000800053c8,,s7:0000000000000582,,014b9bb3,1,"sll     s7, s7, s4",,
00000000800053cc,,a6:0000000000000000,,014ed81b,1,"srliw   a6, t4, 20",,
00000000800053d0,,a7:ffffffffffffffff,,035258bb,1,"divuw   a7, tp, s5",,
00000000800053d4,,s1:fffffffffffffdcb,,849be493,1,"ori     s1, s7, -1975",,
00000000800053d8,,ft6:8000000000000000,,23b09353,1,"fsgnjn.d ft6, ft1, fs11",,
00000000800053dc,,t3:8000000000000000,,e2030e53,1,"fmv.x.d t3, ft6",,
00000000800053e0,,a3:0000000052d46000,,01bd56bb,1,"srlw    a3, s10, s11",,
00000000800053e8,,fs0:8000000000000000,,2ac09453,1,"fmax.d  fs0, ft1, fa2",,
00000000800053ec,,fs1:7ff8000000000000,,13cc74d3,1,"fmul.d  fs1, fs8, ft8",,
00000000800053f0,,a0:0000000000000000,,03940533,1,"mul     a0, s0, s9",,
00000000800053f4,,a1:0000000000000000,,0395d5bb,1,"divuw   a1, a1, s9",,
00000000800053f8,,sp:0000000000000003,,00202173,1,"csrrs   sp, frm, zero",,
00000000800053fc,,ft10:7ff8000000000000,,1b0e7f53,1,"fdiv.d  ft10, ft8, fa6",,
0000000080005400,,ft9:00000000e07b9722,,2b228ed3,1,"fmin.d  ft9, ft5, fs2",,
0000000080005404,,a6:fffffffffffffb26,,b231081b,1,"addiw   a6, sp, -1245",,
0000000080005408,,ra:0000000000000000,,030810b3,1,"mulh    ra, a6, a6",,
000000008000540c,,t2:8000000000000000,,400e5393,1,"srai    t2, t3, 0",,
0000000080005410,,s10:0000000000000001,,03fadd13,1,"srli    s10, s5, 63",,
0000000080005414,,s6:0000000000000000,,0153cb33,1,"xor     s6, t2, s5",,
0000000080005418,,s9:0000000052d46000,,007cdcb3,1,"srl     s9, s9, t2",,
000000008000541c,,t0:00000000296a3000,,001cd293,1,"srli    t0, s9, 1",,
0000000080005420,,a4:0000000000000000,,0053973b,1,"sllw    a4, t2, t0",,
0000000080005424,,t1:0000000000000001,,000d1313,1,"slli    t1, s10, 0",,
0000000080005428,,a1:0000000000000000,,0017559b,1,"srliw   a1, a4, 1",,
000000008000542c,,s11:0000000000000000,,0000dd9b,1,"srliw   s11, ra, 0",,
0000000080005430,,s1:0000000000000000,,004254b3,1,"srl     s1, tp, tp",,
0000000080005434,,a2:0000000000000004,,00d61633,1,"sll     a2, a2, a3",,
0000000080005438,,fs1:7ff8000000000000,,cbc4f4cb,1,"fnmsub.d fs1, fs1, ft8, fs9",,
000000008000543c,,a5:fffffffffc4e7000,,fc4e77b7,1,"lui     a5, 0xfc4e7",,
0000000080005440,,a5:fffffffffc4e6dad,,dad7879b,1,"addiw   a5, a5, -595",,
0000000080005444,,a5:ffffffc4e6dad000,,000007b2,1,"c.slli  a5, 12",,
0000000080005446,,a5:ffffffc4e6dacf09,,f0978793,1,"addi    a5, a5, -247",,
000000008000544a,,t0:00000000296a2b26,,005802bb,1,"addw    t0, a6, t0",,
000000008000544e,,ft10:7ff8000000000000,,0254ff53,1,"fadd.d  ft10, fs1, ft5",,
0000000080005452,,s7:0000000000000582,,414b8bb3,1,"sub     s7, s7, s4",,
0000000080005456,,ft3:7ff8000000000000,,fa94f1cb,1,"fnmsub.d ft3, fs1, fs1, ft11",,
000000008000545a,,s9:0000000000000008,,0379fcb3,1,"remu    s9, s3, s7",,
000000008000545e,,s8:fffffffffffffa86,,417c8c3b,1,"subw    s8, s9, s7",,
0000000080005462,,sp:0000000000000001,,402cd133,1,"sra     sp, s9, sp",,
0000000080005466,,t1:0000000000000582,,41db8333,1,"sub     t1, s7, t4",,
000000008000546e,,s9:0000000000000001,,00682cb3,1,"slt     s9, a6, t1",,
0000000080005472,,tp:0000000000000211,,211ce213,1,"ori     tp, s9, 529",,
0000000080005476,,s7:0000000000000582,,00008b9a,1,"c.mv    s7, t1",,
0000000080005478,,fs7:ffffffff5f000000,,225b9bd3,1,"fsgnjn.d fs7, fs7, ft5",,
000000008000547c,,t2:0000000000000001,,007c83bb,1,"addw    t2, s9, t2",,
0000000080005484,,fs10:7ff8000000000000,,02337d53,1,"fadd.d  fs10, ft6, ft3",,
0000000080004008,,s8:0000000080006008,,00002c17,3,"auipc   s8, 0x2",,
000000008000400c,,s8:00000000800060fa,,0f2c0c13,3,"addi    s8, s8, 242",,
0000000080004010,,ra:0000000080004014,,000c00e7,3,jalr    s8,,
00000000800060fa,,a5:0000000080005488,,341027f3,3,"csrrs   a5, mepc, zero",,
00000000800060fe,,a4:0000000000000002,,34202773,3,"csrrs   a4, mcause, zero",,
0000000080006102,,a3:00000000800060fa,,142026f3,3,"csrrs   a3, scause, zero",,
0000000080006106,,a2:0000000000000a00,,30402673,3,"csrrs   a2, mie, zero",,
000000008000610a,,a1:0000000000000080,,344025f3,3,"csrrs   a1, mip, zero",,
000000008000610e,,a1:00000000c03595f3,,343025f3,3,"csrrs   a1, mtval, zero",,
0000000080006112,,a0:0000000000000016,,14302573,3,"csrrs   a0, stval, zero",,
0000000080006116,,s1:00000000000016aa,,b02024f3,3,"csrrs   s1, minstret, zero",,
000000008000612e,,a5:000000008000548c,,00000791,3,"c.addi  a5, 4",,
000000008000548c,,s2:0000000000000001,,4003d913,1,"srai    s2, t2, 0",,
0000000080005490,,fs0:7ff8000000000000,,a2647447,1,"fmsub.d fs0, fs0, ft6, fs4",,
0000000080005494,,sp:0000000000000010,,00131173,1,"csrrw   sp, fflags, t1",,
0000000080005498,,a3:0000000000000002,,001816f3,1,"csrrw   a3, fflags, a6",,
000000008000549c,,s6:0000000000000001,,02d5fb33,1,"remu    s6, a1, a3",,
00000000800054a4,,fa3:7ff8000000000000,,1b8bf6d3,1,"fdiv.d  fa3, fs7, fs8",,
00000000800054a8,,a1:ffffffffffffffff,,c21bf5d3,1,"fcvt.wu.d a1, fs7",,
00000000800054ac,,sp:0000200000000000,,00001126,1,"c.slli  sp, 41",,
00000000800054ae,,t3:0000000000000000,,01cace33,1,"xor     t3, s5, t3",,
00000000800054b2,,ft1:7ff8000000000000,,12d0f0d3,1,"fmul.d  ft1, ft1, fa3",,
00000000800054b6,,fs11:0000000000000000,,d2207dd3,1,"fcvt.d.l fs11, zero",,
00000000800054ba,,s11:7fffffffffffffff,,c02d7dd3,1,"fcvt.l.s s11, fs10",,
00000000800054be,,fa3:ffffffff5f000000,,d03af6d3,1,"fcvt.s.lu fa3, s5",,
00000000800054c2,,t1:0000000000000000,,03c0033b,1,"mulw    t1, zero, t3",,
00000000800054c6,,fs7:0000000000000000,,2b2a8bd3,1,"fmin.d  fs7, fs5, fs2",,
00000000800054ca,,fa0:0000000000000000,,2b789553,1,"fmax.d  fa0, fa7, fs7",,
00000000800054ce,,s4:0000000000000000,,001a5a1b,1,"srliw   s4, s4, 1",,
00000000800054d2,,ft6:ffffffff00000000,,401bf353,1,"fcvt.s.d ft6, fs7",,
00000000800054d6,,ra:0000000080004015,,0010c093,1,"xori    ra, ra, 1",,
00000000800054da,,gp:0000000000000042,,446c7193,1,"andi    gp, s8, 1094",,
00000000800054de,,fa0:7ff8000000000000,,0a657553,1,"fsub.d  fa0, fa0, ft6",,
00000000800054e2,,s9:8000000000000000,,01b5ccb3,1,"xor     s9, a1, s11",,
00000000800054e6,,ra:0000000005d17746,,02a0d0b3,1,"divu    ra, ra, a0",,
00000000800054ea,,t0:0000000000000582,,000bd29b,1,"srliw   t0, s7, 0",,
00000000800054ee,,a3:fffffffffa2e89cb,,e8d0c693,1,"xori    a3, ra, -371",,
00000000800054f2,,s10:0000000000000108,,01a25d3b,1,"srlw    s10, tp, s10",,
00000000800054f6,,sp:7fffffffffffffff,,c2237153,1,"fcvt.l.d sp, ft6",,
00000000800054fa,,a5:0000000000000001,,02c647b3,1,"div     a5, a2, a2",,
00000000800054fe,,s1:0000000000000000,,018bd4bb,1,"srlw    s1, s7, s8",,
0000000080005502,,s0:0000000000000000,,0263643b,1,"remw    s0, t1, t1",,
0000000080005506,,s6:7ffffffffffffb27,,41b80b33,1,"sub     s6, a6, s11",,
000000008000550a,,s3:0000000000000582,,014bd9bb,1,"srlw    s3, s7, s4",,
000000008000550e,,fs4:7ff8000000000000,,2a3a1a53,1,"fmax.d  fs4, fs4, ft3",,
0000000080005512,,s4:ffffffffffffffff,,0344ca33,1,"div     s4, s1, s4",,
0000000080005516,,s1:0000000000000016,,001a94f3,1,"csrrw   s1, fflags, s5",,
000000008000551a,,a1:0000000000000000,,02b265b3,1,"rem     a1, tp, a1",,
000000008000551e,,fs4:c0c30f8000000000,,23612a53,1,"fsgnjx.d fs4, ft2, fs6",,
0000000080005522,,s3:7ffffffffffffb26,,015849b3,1,"xor     s3, a6, s5",,
0000000080005526,,t1:fffffffffffffb26,,0269f33b,1,"remuw   t1, s3, t1",,
000000008000552c,,t3:000000007ffffd93,,00785e3b,1,"srlw    t3, a6, t2",,
0000000080005530,,t3:000000007ffffd93,,000e5e13,1,"srli    t3, t3, 0",,
0000000080005534,,t1:0000000000000004,,0017131b,1,"slliw   t1, a4, 1",,
0000000080005538,,sp:0000000000000003,,00279173,1,"csrrw   sp, frm, a5",,
000000008000553c,,s4:ffffffffffffffff,,c03a7a53,1,"fcvt.lu.s s4, fs4",,
0000000080005540,,a1:0000000000000000,,4067d5b3,1,"sra     a1, a5, t1",,
0000000080005544,,a3:ffffffffffffffff,,c031f6d3,1,"fcvt.lu.s a3, ft3",,
0000000080005548,,gp:000000007ffffd93,,03be61b3,1,"rem     gp, t3, s11",,
000000008000554e,,t1:0000000000000000,,0260533b,1,"divuw   t1, zero, t1",,
0000000080004008,,s8:0000000080006008,,00002c17,3,"auipc   s8, 0x2",,
000000008000400c,,s8:00000000800060fa,,0f2c0c13,3,"addi    s8, s8, 242",,
0000000080004010,,ra:0000000080004014,,000c00e7,3,jalr    s8,,
00000000800060fa,,a5:0000000080005552,,341027f3,3,"csrrs   a5, mepc, zero",,
00000000800060fe,,a4:0000000000000002,,34202773,3,"csrrs   a4, mcause, zero",,
0000000080006102,,a3:00000000800060fa,,142026f3,3,"csrrs   a3, scause, zero",,
0000000080006106,,a2:0000000000000a00,,30402673,3,"csrrs   a2, mie, zero",,
000000008000610a,,a1:0000000000000080,,344025f3,3,"csrrs   a1, mip, zero",,
000000008000610e,,a1:0000000034302473,,343025f3,3,"csrrs   a1, mtval, zero",,
0000000080006112,,a0:0000000000000016,,14302573,3,"csrrs   a0, stval, zero",,
0000000080006116,,s1:00000000000016ed,,b02024f3,3,"csrrs   s1, minstret, zero",,
000000008000612e,,a5:0000000080005556,,00000791,3,"c.addi  a5, 4",,
0000000080005556,,gp:0000000000001264,,a764f193,1,"andi    gp, s1, -1418",,
000000008000555e,,s0:ffffffffffffffff,,41240433,1,"sub     s0, s0, s2",,
0000000080005562,,ra:7fffffffffffffff,,00145093,1,"srli    ra, s0, 1",,
0000000080005566,,sp:ffffffffffffffff,,0084e133,1,"or      sp, s1, s0",,
000000008000556a,,s9:ffffffff800060fa,,000c5c9b,1,"srliw   s9, s8, 0",,
000000008000556e,,s8:0000000000000000,,00735c3b,1,"srlw    s8, t1, t2",,
0000000080005572,,tp:0000000000000211,,00002201,1,"c.addiw tp, 0",,
0000000080005574,,s5:0000000000000000,,01001abb,1,"sllw    s5, zero, a6",,
0000000080005578,,fs7:0000000000000000,,f2000bd3,1,"fmv.d.x fs7, zero",,
000000008000557c,,a2:ffffffff800064ea,,3f0c861b,1,"addiw   a2, s9, 1008",,
0000000080005580,,ra:7fffffffffffffd7,,fd70f093,1,"andi    ra, ra, -41",,
0000000080005584,,a6:0000000000000000,,c22af853,1,"fcvt.l.d a6, fs5",,
0000000080005588,,t3:7fffffffffffffff,,c0297e53,1,"fcvt.l.s t3, fs2",,
000000008000558c,,t2:00000000000005a0,,5a084393,1,"xori    t2, a6, 1440",,
0000000080005590,,fa7:8000000000000000,,cb7cf8cf,1,"fnmadd.d fa7, fs9, fs7, fs9",,
0000000080005594,,s6:0000000000000000,,4012db3b,1,"sraw    s6, t0, ra",,
0000000080005598,,a7:0000000000000107,,028d38b3,1,"mulhu   a7, s10, s0",,
000000008000559e,,s0:0000000000000000,,c20cf453,1,"fcvt.w.d s0, fs9",,
00000000800055a2,,s2:7ffffffffffffcd9,,7ff9c913,1,"xori    s2, s3, 2047",,
00000000800055a6,,fa1:7ff8000000000000,,0b15f5d3,1,"fsub.d  fa1, fa1, fa7",,
00000000800055aa,,a2:0000000000000000,,02c66633,1,"rem     a2, a2, a2",,
00000000800055ae,,s4:ffffffffffffffff,,433a5a13,1,"srai    s4, s4, 51",,
00000000800055b2,,fa3:4036000000000000,,d20506d3,1,"fcvt.d.w fa3, a0",,
00000000800055b6,,s5:0000000000000000,,02031a93,1,"slli    s5, t1, 32",,
00000000800055bc,,s6:00000000000005a0,,00739b3b,1,"sllw    s6, t2, t2",,
00000000800055c2,,fs8:8000000000000000,,235a9c53,1,"fsgnjn.d fs8, fs5, fs5",,
00000000800055c6,,fs6:7ff8000000000000,,92517b4f,1,"fnmadd.d fs6, ft2, ft5, fs2",,
00000000800055ca,,ft4:7ff8000000000000,,2270724f,1,"fnmadd.d ft4, ft0, ft7, ft4",,
00000000800055ce,,t0:ffffffffffffffff,,c233f2d3,1,"fcvt.lu.d t0, ft7",,
00000000800055d2,,t3:000000004000307c,,02d93e33,1,"mulhu   t3, s2, a3",,
00000000800055d6,,fa7:8000000000000000,,2278a8d3,1,"fsgnjx.d fa7, fa7, ft7",,
00000000800055da,,s1:0000000000000582,,030be4b3,1,"rem     s1, s7, a6",,
00000000800055de,,gp:00000000343025f3,,00bb61b3,1,"or      gp, s6, a1",,
00000000800055e2,,a2:fffffffffffffb21,,b212f613,1,"andi    a2, t0, -1247",,
00000000800055e6,,s7:0000000000000001,,00202bf3,1,"csrrs   s7, frm, zero",,
00000000800055ea,,fs3:7ff8000000000000,,5a04f9d3,1,"fsqrt.d fs3, fs1",,
00000000800055ee,,ft3:ffffffff44b40000,,d03b71d3,1,"fcvt.s.lu ft3, s6",,
00000000800055f2,,a1:0000000000000000,,02bbb5b3,1,"mulhu   a1, s7, a1",,
00000000800055f6,,a4:0000000020000000,,01c7171b,1,"slliw   a4, a4, 28",,
00000000800055fa,,s4:000000007fffffff,,001a5a1b,1,"srliw   s4, s4, 1",,
00000000800055fe,,s8:0000000000000000,,10507c73,1,"csrrci  s8, stvec, 0",,
0000000080005602,,a1:00000000f393b602,,73936597,1,"auipc   a1, 0x73936",,
0000000080005606,,s3:fffffffffffffb25,,013289bb,1,"addw    s3, t0, s3",,
000000008000560a,,sp:ffffffff80000000,,01f9911b,1,"slliw   sp, s3, 31",,
000000008000560e,,t4:ffffffffffffffff,,40c2de93,1,"srai    t4, t0, 12",,
0000000080005612,,s7:000000000000000a,,02b14bbb,1,"divw    s7, sp, a1",,
0000000080005616,,s9:0000000000080000,,41775cb3,1,"sra     s9, a4, s7",,
000000008000561a,,fs0:ffffffffbf800000,,d02ef453,1,"fcvt.s.l fs0, t4",,
0000000080005622,,t1:0000000000f92faf,,0319533b,1,"divuw   t1, s2, a7",,
0000000080005626,,a2:fffffffffffffff9,,01266633,1,"or      a2, a2, s2",,
000000008000562a,,fs8:7ff8000000000000,,2a841c53,1,"fmax.d  fs8, fs0, fs0",,
000000008000562e,,fs1:4036000000000000,,2a8694d3,1,"fmax.d  fs1, fa3, fs0",,
0000000080005632,,s7:0000000040003000,,800e7b93,1,"andi    s7, t3, -2048",,
0000000080005636,,fa6:416f25f5e0000000,,d2130853,1,"fcvt.d.wu fa6, t1",,
000000008000563a,,ft7:c16f25f5e0000000,,223803d3,1,"fsgnj.d ft7, fa6, ft3",,
000000008000563e,,s7:0000000000080000,,028cfbb3,1,"remu    s7, s9, s0",,
0000000080005642,,a3:0000000000080001,,001c869b,1,"addiw   a3, s9, 1",,
0000000080005646,,a0:0000000000000001,,001df513,1,"andi    a0, s11, 1",,
000000008000564a,,fa5:7ff8000000000000,,1ab877d3,1,"fdiv.d  fa5, fa6, fa1",,
000000008000564e,,ft2:1f5df72ae89e910b,,5a097153,1,"fsqrt.d ft2, fs2",,
0000000080005652,,ra:0000000000000778,,7775009b,1,"addiw   ra, a0, 1911",,
0000000080005656,,t2:7fffffffffffffff,,c02873d3,1,"fcvt.l.s t2, fa6",,
000000008000565a,,t4:ffffffffffffffff,,4133debb,1,"sraw    t4, t2, s3",,
000000008000565e,,a5:fffffffffffffcd2,,012607bb,1,"addw    a5, a2, s2",,
0000000080005662,,t4:fffffffffffff890,,99c7fe93,1,"andi    t4, a5, -1636",,
0000000080005666,,t1:000000001ffffcd2,,00f70333,1,"add     t1, a4, a5",,
000000008000566a,,s2:fffffffffffffffe,,00528933,1,"add     s2, t0, t0",,
000000008000566e,,t4:fffffffffffffffe,,00095e9b,1,"srliw   t4, s2, 0",,
0000000080005672,,t4:0000000000000001,,00239ef3,1,"csrrw   t4, frm, t2",,
0000000080005676,,t3:0000000000008400,,011d1e3b,1,"sllw    t3, s10, a7",,
000000008000567c,,s7:0000000001000020,,00569b93,1,"slli    s7, a3, 5",,
0000000080005680,,s7:0000000000008400,,037e7bbb,1,"remuw   s7, t3, s7",,
0000000080005684,,a3:0000000000000000,,000ac6b3,1,"xor     a3, s5, zero",,
0000000080005688,,sp:ffffffff80000000,,00009136,1,"c.add   sp, a3",,
000000008000568a,,sp:fffffffffffff800,,80080113,1,"addi    sp, a6, -2048",,
000000008000568e,,s10:0000000000000000,,03ac2d33,1,"mulhsu  s10, s8, s10",,
0000000080004008,,s8:0000000080006008,,00002c17,3,"auipc   s8, 0x2",,
000000008000400c,,s8:00000000800060fa,,0f2c0c13,3,"addi    s8, s8, 242",,
0000000080004010,,ra:0000000080004014,,000c00e7,3,jalr    s8,,
00000000800060fa,,a5:0000000080005692,,341027f3,3,"csrrs   a5, mepc, zero",,
00000000800060fe,,a4:0000000000000002,,34202773,3,"csrrs   a4, mcause, zero",,
0000000080006102,,a3:00000000800060fa,,142026f3,3,"csrrs   a3, scause, zero",,
0000000080006106,,a2:0000000000000a00,,30402673,3,"csrrs   a2, mie, zero",,
000000008000610a,,a1:0000000000000080,,344025f3,3,"csrrs   a1, mip, zero",,
000000008000610e,,a1:00000000d03c7553,,343025f3,3,"csrrs   a1, mtval, zero",,
0000000080006112,,a0:0000000000000016,,14302573,3,"csrrs   a0, stval, zero",,
0000000080006116,,s1:000000000000174f,,b02024f3,3,"csrrs   s1, minstret, zero",,
000000008000612e,,a5:0000000080005696,,00000791,3,"c.addi  a5, 4",,
0000000080004008,,s8:0000000080006008,,00002c17,3,"auipc   s8, 0x2",,
000000008000400c,,s8:00000000800060fa,,0f2c0c13,3,"addi    s8, s8, 242",,
0000000080004010,,ra:0000000080004014,,000c00e7,3,jalr    s8,,
00000000800060fa,,a5:0000000080005696,,341027f3,3,"csrrs   a5, mepc, zero",,
00000000800060fe,,a4:0000000000000002,,34202773,3,"csrrs   a4, mcause, zero",,
0000000080006102,,a3:00000000800060fa,,142026f3,3,"csrrs   a3, scause, zero",,
0000000080006106,,a2:0000000000000a00,,30402673,3,"csrrs   a2, mie, zero",,
000000008000610a,,a1:0000000000000080,,344025f3,3,"csrrs   a1, mip, zero",,
000000008000610e,,a1:00000000d03ef753,,343025f3,3,"csrrs   a1, mtval, zero",,
0000000080006112,,a0:0000000000000016,,14302573,3,"csrrs   a0, stval, zero",,
0000000080006116,,s1:000000000000175f,,b02024f3,3,"csrrs   s1, minstret, zero",,
000000008000612e,,a5:000000008000569a,,00000791,3,"c.addi  a5, 4",,
000000008000569a,,s7:00000000800060fa,,0006db93,1,"srli    s7, a3, 0",,
000000008000569e,,a2:0000050003c9c400,,02c68633,1,"mul     a2, a3, a2",,
00000000800056a2,,s2:000000014000f271,,40a65913,1,"srai    s2, a2, 10",,
00000000800056a6,,s7:0000000000000002,,03795bb3,1,"divu    s7, s2, s7",,
00000000800056ae,,t4:ffffffffffffffff,,0209deb3,1,"divu    t4, s3, zero",,
00000000800056b2,,fs7:416f25f5e0000000,,2b0a9bd3,1,"fmax.d  fs7, fs5, fa6",,
0000000080004008,,s8:0000000080006008,,00002c17,3,"auipc   s8, 0x2",,
000000008000400c,,s8:00000000800060fa,,0f2c0c13,3,"addi    s8, s8, 242",,
0000000080004010,,ra:0000000080004014,,000c00e7,3,jalr    s8,,
00000000800060fa,,a5:00000000800056b6,,341027f3,3,"csrrs   a5, mepc, zero",,
00000000800060fe,,a4:0000000000000002,,34202773,3,"csrrs   a4, mcause, zero",,
0000000080006102,,a3:00000000800060fa,,142026f3,3,"csrrs   a3, scause, zero",,
0000000080006106,,a2:0000000000000a00,,30402673,3,"csrrs   a2, mie, zero",,
000000008000610a,,a1:0000000000000080,,344025f3,3,"csrrs   a1, mip, zero",,
000000008000610e,,a1:000000005a0f7ad3,,343025f3,3,"csrrs   a1, mtval, zero",,
0000000080006112,,a0:0000000000000016,,14302573,3,"csrrs   a0, stval, zero",,
0000000080006116,,s1:0000000000001776,,b02024f3,3,"csrrs   s1, minstret, zero",,
000000008000612e,,a5:00000000800056ba,,00000791,3,"c.addi  a5, 4",,
00000000800056ba,,gp:0000000000000000,,41d1d1b3,1,"sra     gp, gp, t4",,
00000000800056be,,fs10:4036000000000000,,2bb49d53,1,"fmax.d  fs10, fs1, fs11",,
00000000800056c2,,a2:0000000000000001,,02b5c63b,1,"divw    a2, a1, a1",,
00000000800056c6,,t1:0000000000000007,,00231373,1,"csrrw   t1, frm, t1",,
00000000800056ca,,s6:0000000004f08000,,04f08b37,1,"lui     s6, 0x4f08",,
00000000800056ce,,s6:0000000004f07a91,,a91b0b1b,1,"addiw   s6, s6, -1391",,
00000000800056d2,,s6:0000004f07a91000,,00000b32,1,"c.slli  s6, 12",,
00000000800056d4,,s6:0000004f07a90f56,,f56b0b13,1,"addi    s6, s6, -170",,
00000000800056d8,,a7:0000000000000000,,c2caf893,1,"andi    a7, s5, -980",,
00000000800056dc,,s3:00000000000007ff,,7ff8899b,1,"addiw   s3, a7, 2047",,
00000000800056e0,,fs7:41b56a190a000000,,13abfbd3,1,"fmul.d  fs7, fs7, fs10",,
00000000800056e4,,s8:ffffffff80000000,,01f21c1b,1,"slliw   s8, tp, 31",,
00000000800056e8,,a6:ffffffffffffffff,,c03bf853,1,"fcvt.lu.s a6, fs7",,
00000000800056ec,,t4:0000000000c0c000,,00c0ceb7,1,"lui     t4, 0xc0c",,
00000000800056f0,,t4:0000000000c0bcb5,,cb5e8e9b,1,"addiw   t4, t4, -843",,
00000000800056f4,,t4:0000000c0bcb5000,,00000eb2,1,"c.slli  t4, 12",,
00000000800056f6,,t4:0000000c0bcb4918,,918e8e93,1,"addi    t4, t4, -1768",,
00000000800056fa,,s4:fffffffffff00000,,001a1a3b,1,"sllw    s4, s4, ra",,
00000000800056fe,,fs9:7ff8000000000000,,52ebfcc3,1,"fmadd.d fs9, fs7, fa4, fa0",,
0000000080005702,,t1:0000000c0bc00000,,01da7333,1,"and     t1, s4, t4",,
0000000080005706,,fs1:7ff8000000000000,,1a54f4d3,1,"fdiv.d  fs1, fs1, ft5",,
000000008000570a,,fs2:00000001c0f72e44,,03297953,1,"fadd.d  fs2, fs2, fs2",,
000000008000570e,,ra:00000000000002f0,,4123509b,1,"sraiw   ra, t1, 18",,
0000000080005712,,s3:0000000000000000,,43cbd993,1,"srai    s3, s7, 60",,
0000000080005716,,s3:0000000000100000,,00b719bb,1,"sllw    s3, a4, a1",,
000000008000571a,,sp:0000000c0bc0001f,,01f36113,1,"ori     sp, t1, 31",,
000000008000571e,,ft10:ffffffff7fc00000,,401f7f53,1,"fcvt.s.d ft10, ft10",,
0000000080005722,,t2:0000000000000011,,001d93f3,1,"csrrw   t2, fflags, s11",,
0000000080005728,,s8:00000000800056ba,,01879c33,1,"sll     s8, a5, s8",,
000000008000572c,,fa1:ffffffff00000000,,d03d75d3,1,"fcvt.s.lu fa1, s10",,
0000000080005730,,a4:ffffffff800056ba,,018d073b,1,"addw    a4, s10, s8",,
0000000080005734,,s11:0000000000000000,,01d8ddbb,1,"srlw    s11, a7, t4",,
0000000080005738,,ft0:ffffffff00000000,,40107053,1,"fcvt.s.d ft0, ft0",,
000000008000573c,,fs3:7ff8000000000000,,4b49f9cb,1,"fnmsub.d fs3, fs3, fs4, fs1",,
0000000080005740,,fs8:0000000000000000,,d2118c53,1,"fcvt.d.wu fs8, gp",,
0000000080005744,,ra:0000000000000000,,0001909b,1,"slliw   ra, gp, 0",,
0000000080005748,,t3:0000000046000000,,00ae9e3b,1,"sllw    t3, t4, a0",,
000000008000574e,,ft4:ffffffff40000000,,d02bf253,1,"fcvt.s.l ft4, s7",,
0000000080005752,,tp:ffffffffffffffff,,c0247253,1,"fcvt.l.s tp, fs0",,
0000000080005756,,fa3:1f5df72ae89e910b,,122c76c3,1,"fmadd.d fa3, fs8, ft2, ft2",,
000000008000575a,,sp:7fffffffffffffff,,c221f153,1,"fcvt.l.d sp, ft3",,
000000008000575e,,fs1:7ff8000000000000,,1286f4d3,1,"fmul.d  fs1, fa3, fs0",,
0000000080005762,,ft6:0000000000000000,,d2207353,1,"fcvt.d.l ft6, zero",,
0000000080005766,,a6:0000000000000000,,03169833,1,"mulh    a6, a3, a7",,
000000008000576a,,s10:ffffffffffffffff,,fff40d1b,1,"addiw   s10, s0, -1",,
000000008000576e,,s9:0000000000080000,,019cfcb3,1,"and     s9, s9, s9",,
0000000080005772,,s3:0000000000180000,,000099e6,1,"c.add   s3, s9",,
0000000080005774,,ft2:ffffffffbf800000,,23f42153,1,"fsgnjx.d ft2, fs0, ft11",,
000000008000577c,,ft7:41a7969230000000,,d21e83d3,1,"fcvt.d.wu ft7, t4",,
0000000080005780,,s11:0000000000000000,,00405d9b,1,"srliw   s11, zero, 4",,
0000000080005788,,ft3:7ff8000000000000,,420b01d3,1,"fcvt.d.s ft3, fs6",,
000000008000578c,,fa2:c0c30f8000000000,,2a3a0653,1,"fmin.d  fa2, fs4, ft3",,
0000000080005790,,fa1:7ff8000000000000,,a33cf5c7,1,"fmsub.d fa1, fs9, fs3, fs4",,
0000000080005794,,fs10:0000000000000000,,d2247d53,1,"fcvt.d.l fs10, s0",,
0000000080005798,,s8:00000000b17a5798,,317a0c17,1,"auipc   s8, 0x317a0",,
00000000800057a0,,ft2:0000000000000000,,d2018153,1,"fcvt.d.w ft2, gp",,
00000000800057a4,,s1:ffffffffffc00000,,009294bb,1,"sllw    s1, t0, s1",,
00000000800057a8,,s0:0000000000000001,,0292d43b,1,"divuw   s0, t0, s1",,
00000000800057ac,,fs7:ffffffffffffffff,,f2028bd3,1,"fmv.d.x fs7, t0",,
00000000800057b0,,s0:0000000046000000,,02ee743b,1,"remuw   s0, t3, a4",,
00000000800057b6,,a2:0000000000000000,,0026563b,1,"srlw    a2, a2, sp",,
00000000800057ba,,t4:7fffffffffffffff,,002eeeb3,1,"or      t4, t4, sp",,
00000000800057be,,ft7:7ff8000000000000,,b36473c7,1,"fmsub.d ft7, fs0, fs6, fs6",,
00000000800057c2,,s0:00000000582e1000,,582e1437,1,"lui     s0, 0x582e1",,
00000000800057c6,,s2:0000000000000000,,00004901,1,"c.li    s2, 0",,
00000000800057c8,,fa5:7ff8000000000000,,fafaf7c3,1,"fmadd.d fa5, fs5, fa5, ft11",,
00000000800057cc,,ft6:7fffffff40000000,,22422353,1,"fsgnjx.d ft6, ft4, ft4",,
00000000800057d0,,fa3:7ff8000000000000,,420086d3,1,"fcvt.d.s fa3, ft1",,
00000000800057d4,,s6:ffffffffd82db946,,40e40b3b,1,"subw    s6, s0, a4",,
00000000800057d8,,ra:0000000000000000,,41b650bb,1,"sraw    ra, a2, s11",,
00000000800057dc,,s5:0000000000000000,,00c0cab3,1,"xor     s5, ra, a2",,
00000000800057e0,,ft0:8000000000000000,,2b188053,1,"fmin.d  ft0, fa7, fa7",,
00000000800057e4,,a4:fffffffffffffd29,,d29a8713,1,"addi    a4, s5, -727",,
00000000800057e8,,fs7:7ff8000000000000,,2b769bd3,1,"fmax.d  fs7, fa3, fs7",,
00000000800057ec,,s5:00010000ad740000,,00779ab3,1,"sll     s5, a5, t2",,
00000000800057f0,,t4:000000004b400000,,02958ebb,1,"mulw    t4, a1, s1",,
00000000800057f4,,s7:000000000000012d,,00aedbbb,1,"srlw    s7, t4, a0",,
00000000800057f8,,t1:0000000000000000,,0108a333,1,"slt     t1, a7, a6",,
00000000800057fc,,a3:ffffffffffffffff,,c02476d3,1,"fcvt.l.s a3, fs0",,
0000000080005800,,s5:0000000000001469,,0379cab3,1,"div     s5, s3, s7",,
0000000080005804,,fs10:c0c30f8000000000,,2ac18d53,1,"fmin.d  fs10, ft3, fa2",,
0000000080004008,,s8:0000000080006008,,00002c17,3,"auipc   s8, 0x2",,
000000008000400c,,s8:00000000800060fa,,0f2c0c13,3,"addi    s8, s8, 242",,
0000000080004010,,ra:0000000080004014,,000c00e7,3,jalr    s8,,
00000000800060fa,,a5:000000008000580e,,341027f3,3,"csrrs   a5, mepc, zero",,
00000000800060fe,,a4:0000000000000002,,34202773,3,"csrrs   a4, mcause, zero",,
0000000080006102,,a3:00000000800060fa,,142026f3,3,"csrrs   a3, scause, zero",,
0000000080006106,,a2:0000000000000a00,,30402673,3,"csrrs   a2, mie, zero",,
000000008000610a,,a1:0000000000000080,,344025f3,3,"csrrs   a1, mip, zero",,
000000008000610e,,a1:000000003230f9f3,,343025f3,3,"csrrs   a1, mtval, zero",,
0000000080006112,,a0:0000000000000016,,14302573,3,"csrrs   a0, stval, zero",,
0000000080006116,,s1:00000000000017df,,b02024f3,3,"csrrs   s1, minstret, zero",,
000000008000612e,,a5:0000000080005812,,00000791,3,"c.addi  a5, 4",,
0000000080005812,,fs6:4120000000000000,,d21c8b53,1,"fcvt.d.wu fs6, s9",,
0000000080005816,,fs4:c120000000000000,,234b2a53,1,"fsgnjx.d fs4, fs6, fs4",,
000000008000581a,,s4:0000000000000000,,0149aa33,1,"slt     s4, s3, s4",,
000000008000581e,,a6:00000000d10f081e,,510eb817,1,"auipc   a6, 0x510eb",,
0000000080005822,,t3:0000000000000000,,a21b0e53,1,"fle.d   t3, fs6, ft1",,
0000000080005826,,s0:0000000000000000,,001dd413,1,"srli    s0, s11, 1",,
000000008000582a,,s5:0000000000000000,,01c40abb,1,"addw    s5, s0, t3",,
000000008000582e,,fs2:fff8000000000000,,22109953,1,"fsgnjn.d fs2, ft1, ft1",,
0000000080005832,,s8:0000000000000000,,008a8c3b,1,"addw    s8, s5, s0",,
0000000080005836,,fa2:ffffffff7fc00000,,4019f653,1,"fcvt.s.d fa2, fs3",,
000000008000583e,,fs8:0000000000000000,,d21c0c53,1,"fcvt.d.wu fs8, s8",,
0000000080005842,,tp:0000000000000000,,03573233,1,"mulhu   tp, a4, s5",,
0000000080005846,,a0:0000000000000000,,02851533,1,"mulh    a0, a0, s0",,
0000000080004008,,s8:0000000080006008,,00002c17,3,"auipc   s8, 0x2",,
000000008000400c,,s8:00000000800060fa,,0f2c0c13,3,"addi    s8, s8, 242",,
0000000080004010,,ra:0000000080004014,,000c00e7,3,jalr    s8,,
00000000800060fa,,a5:000000008000584a,,341027f3,3,"csrrs   a5, mepc, zero",,
00000000800060fe,,a4:0000000000000002,,34202773,3,"csrrs   a4, mcause, zero",,
0000000080006102,,a3:00000000800060fa,,142026f3,3,"csrrs   a3, scause, zero",,
0000000080006106,,a2:0000000000000a00,,30402673,3,"csrrs   a2, mie, zero",,
000000008000610a,,a1:0000000000000080,,344025f3,3,"csrrs   a1, mip, zero",,
000000008000610e,,a1:0000000031a6e273,,343025f3,3,"csrrs   a1, mtval, zero",,
0000000080006112,,a0:0000000000000016,,14302573,3,"csrrs   a0, stval, zero",,
0000000080006116,,s1:00000000000017fd,,b02024f3,3,"csrrs   s1, minstret, zero",,
000000008000612e,,a5:000000008000584e,,00000791,3,"c.addi  a5, 4",,
000000008000584e,,t2:0000000000000000,,c23773d3,1,"fcvt.lu.d t2, fa4",,
0000000080005852,,s6:0000000000000000,,c0347b53,1,"fcvt.lu.s s6, fs0",,
0000000080005856,,s2:ffffffffffffffff,,fffb4913,1,"not     s2, s6",,
000000008000585a,,fs5:7ff8000000000000,,13f97ad3,1,"fmul.d  fs5, fs2, ft11",,
000000008000585e,,fs11:7ff8000000000000,,524d7dcf,1,"fnmadd.d fs11, fs10, ft4, fa0",,
0000000080005862,,a4:000000000000001f,,00161773,1,"csrrw   a4, fflags, a2",,
0000000080005866,,ft10:00000000e07b9722,,2bd01f53,1,"fmax.d  ft10, ft0, ft9",,
000000008000586a,,ra:0000000000000000,,019ef0b3,1,"and     ra, t4, s9",,
000000008000586e,,s6:0000000000000000,,000b1b1b,1,"slliw   s6, s6, 0",,
0000000080005872,,s4:fffffffffffffe3d,,d10b8a1b,1,"addiw   s4, s7, -752",,
0000000080005876,,fs1:416f25f5e0000000,,0a0874d3,1,"fsub.d  fs1, fa6, ft0",,
000000008000587a,,tp:fffffffffff8584e,,0337e23b,1,"remw    tp, a5, s3",,
000000008000587e,,tp:000000004b4005a2,,5a2ec213,1,"xori    tp, t4, 1442",,
0000000080005882,,a0:fffffffffffff600,,02260533,1,"mul     a0, a2, sp",,
0000000080005886,,s8:0000000000000000,,0027dc33,1,"srl     s8, a5, sp",,
000000008000588a,,s4:0000000000000000,,40ac5a33,1,"sra     s4, s8, a0",,
000000008000588e,,s6:ffffffffffffffff,,c21e7b53,1,"fcvt.wu.d s6, ft8",,
0000000080005892,,ft7:ffffffff00000000,,d02c73d3,1,"fcvt.s.l ft7, s8",,
0000000080005896,,gp:0000000000000000,,0145b1b3,1,"sltu    gp, a1, s4",,
000000008000589a,,fa2:7ff8000000000000,,633bf64f,1,"fnmadd.d fa2, fs7, fs3, fa2",,
00000000800058a2,,ft11:7ff8000000000000,,23362fd3,1,"fsgnjx.d ft11, fa2, fs3",,
00000000800058a6,,s5:0000000000000000,,41905abb,1,"sraw    s5, zero, s9",,
00000000800058aa,,s3:0000000031a6e273,,015599bb,1,"sllw    s3, a1, s5",,
00000000800058ae,,s2:0000000000000000,,4003093b,1,"subw    s2, t1, zero",,
00000000800058b2,,a6:0000000000000002,,002a1873,1,"csrrw   a6, frm, s4",,
00000000800058ba,,fa6:ffffffffffffffff,,f20b0853,1,"fmv.d.x fa6, s6",,
00000000800058be,,t4:0000000000000000,,03dbdeb3,1,"divu    t4, s7, t4",,
00000000800058c2,,fa4:7ff8000000000000,,5a087753,1,"fsqrt.d fa4, fa6",,
00000000800058c6,,s8:0000000000000000,,03cebc33,1,"mulhu   s8, t4, t3",,
00000000800058ca,,fa4:7ff8000000000000,,3ad7774b,1,"fnmsub.d fa4, fa4, fa3, ft7",,
0000000080004008,,s8:0000000080006008,,00002c17,3,"auipc   s8, 0x2",,
000000008000400c,,s8:00000000800060fa,,0f2c0c13,3,"addi    s8, s8, 242",,
0000000080004010,,ra:0000000080004014,,000c00e7,3,jalr    s8,,
00000000800060fa,,a5:00000000800058ce,,341027f3,3,"csrrs   a5, mepc, zero",,
00000000800060fe,,a4:0000000000000002,,34202773,3,"csrrs   a4, mcause, zero",,
0000000080006102,,a3:00000000800060fa,,142026f3,3,"csrrs   a3, scause, zero",,
0000000080006106,,a2:0000000000000a00,,30402673,3,"csrrs   a2, mie, zero",,
000000008000610a,,a1:0000000000000080,,344025f3,3,"csrrs   a1, mip, zero",,
000000008000610e,,a1:00000000f1505273,,343025f3,3,"csrrs   a1, mtval, zero",,
0000000080006112,,a0:0000000000000016,,14302573,3,"csrrs   a0, stval, zero",,
0000000080006116,,s1:000000000000182d,,b02024f3,3,"csrrs   s1, minstret, zero",,
000000008000612e,,a5:00000000800058d2,,00000791,3,"c.addi  a5, 4",,
00000000800058d2,,t1:0000000000000000,,40c95313,1,"srai    t1, s2, 12",,
00000000800058d6,,ft3:4000000000000000,,d22771d3,1,"fcvt.d.l ft3, a4",,
00000000800058da,,fs8:ffffffff80000000,,40107c53,1,"fcvt.s.d fs8, ft0",,
00000000800058de,,a3:0000000000000000,,01f7569b,1,"srliw   a3, a4, 31",,
00000000800058e2,,a4:0000000000000001,,00ed2733,1,"slt     a4, s10, a4",,
00000000800058e6,,t3:000000000000012d,,029bee3b,1,"remw    t3, s7, s1",,
00000000800058ea,,a1:0000000000000000,,028505bb,1,"mulw    a1, a0, s0",,
00000000800058ee,,ft5:40b82d0000000000,,d21482d3,1,"fcvt.d.wu ft5, s1",,
00000000800058f2,,s11:0000000000000010,,00159df3,1,"csrrw   s11, fflags, a1",,
00000000800058f6,,s6:000000004b4005a2,,00025b1b,1,"srliw   s6, tp, 0",,
00000000800058fa,,ft0:7ff8000000000000,,13e0f053,1,"fmul.d  ft0, ft1, ft10",,
00000000800058fe,,a3:0000000000000000,,008306b3,1,"add     a3, t1, s0",,
0000000080005902,,ra:0000000000000000,,02d6f0b3,1,"remu    ra, a3, a3",,
0000000080005906,,t2:0000000000000016,,007503bb,1,"addw    t2, a0, t2",,
000000008000590a,,t4:0000000000000000,,024efebb,1,"remuw   t4, t4, tp",,
000000008000590e,,fa2:41d2d00168800000,,d2020653,1,"fcvt.d.w fa2, tp",,
0000000080005912,,ft10:7ff8000000000000,,22bfaf53,1,"fsgnjx.d ft10, ft11, fa1",,
0000000080005916,,sp:ffffffffffffffff,,c21ff153,1,"fcvt.wu.d sp, ft11",,
000000008000591a,,t1:000000007fffffff,,c2047353,1,"fcvt.w.d t1, fs0",,
000000008000591e,,t0:0000000000000000,,4180d29b,1,"sraiw   t0, ra, 24",,
0000000080005922,,fs11:4250000000000000,,134a7dd3,1,"fmul.d  fs11, fs4, fs4",,
0000000080005926,,s7:0000000000000000,,01459bbb,1,"sllw    s7, a1, s4",,
000000008000592a,,a2:ffffffff8884e000,,8884e637,1,"lui     a2, 0x8884e",,
000000008000592e,,t2:ffffffffffffffff,,020e43bb,1,"divw    t2, t3, zero",,
0000000080005932,,gp:ffffffffffffffff,,c03571d3,1,"fcvt.lu.s gp, fa0",,
0000000080005936,,s7:ffffffffffffffff,,0173dbbb,1,"srlw    s7, t2, s7",,
000000008000593a,,fa5:ffffffff49000000,,d03cf7d3,1,"fcvt.s.lu fa5, s9",,
000000008000593e,,a2:ffffffff8884e001,,40760633,1,"sub     a2, a2, t2",,
0000000080005942,,s10:ffffffffffffffff,,c038fd53,1,"fcvt.lu.s s10, fa7",,
0000000080005946,,a6:0000000000000000,,c2117853,1,"fcvt.wu.d a6, ft2",,
000000008000594a,,s10:0000000000000000,,00b3fd33,1,"and     s10, t2, a1",,
0000000080005952,,s7:000000004b4005a2,,40025b93,1,"srai    s7, tp, 0",,
0000000080005956,,fa3:7ff8000000000000,,1b3176d3,1,"fdiv.d  fa3, ft2, fs3",,
000000008000595a,,s5:0000000000000000,,00659abb,1,"sllw    s5, a1, t1",,
000000008000595e,,a7:00000000000060fb,,026c68b3,1,"rem     a7, s8, t1",,
0000000080005962,,s4:ffffffffffffffff,,0341ea33,1,"rem     s4, gp, s4",,
0000000080005966,,t0:000000000000012d,,01c282bb,1,"addw    t0, t0, t3",,
000000008000596c,,s4:182d000000000000,,03049a13,1,"slli    s4, s1, 48",,
0000000080005970,,a6:0000000000000000,,036bd813,1,"srli    a6, s7, 54",,
0000000080005974,,ft9:41dfffffffc00000,,d2237ed3,1,"fcvt.d.l ft9, t1",,
0000000080005978,,ft0:7ff8000000000000,,42098053,1,"fcvt.d.s ft0, fs3",,
000000008000597c,,fs2:7ff8000000000000,,2a041953,1,"fmax.d  fs2, fs0, ft0",,
0000000080005980,,fa1:ffffffffbf800000,,220425d3,1,"fsgnjx.d fa1, fs0, ft0",,
0000000080005984,,s4:000000000000010c,,10c1fa13,1,"andi    s4, gp, 268",,
0000000080005988,,tp:000000000000010c,,012a4233,1,"xor     tp, s4, s2",,
000000008000598c,,sp:000000000000090b,,7ff2011b,1,"addiw   sp, tp, 2047",,
0000000080005990,,a2:00000000800058d2,,00079613,1,"slli    a2, a5, 0",,
0000000080005994,,fs9:c1effeffffc00000,,b23efccb,1,"fnmsub.d fs9, ft9, ft3, fs6",,
0000000080005998,,a3:ffffffffffffffff,,0206c6b3,1,"div     a3, a3, zero",,
000000008000599c,,t1:000000007fffffff,,7ea36313,1,"ori     t1, t1, 2026",,
00000000800059a0,,s8:ffffffffb4005a20,,037d8c3b,1,"mulw    s8, s11, s7",,
00000000800059a4,,t3:0000000000000000,,01c41e33,1,"sll     t3, s0, t3",,
00000000800059a8,,a5:ffffffffb400621f,,7ffc079b,1,"addiw   a5, s8, 2047",,
00000000800059ac,,s8:ffffffffffffffff,,c031fc53,1,"fcvt.lu.s s8, ft3",,
00000000800059b0,,s4:0000000000000016,,00050a1b,1,"sext.w  s4, a0",,
00000000800059b4,,s2:0000000000000000,,00221973,1,"csrrw   s2, frm, tp",,
00000000800059b8,,s7:0000000000000004,,00202bf3,1,"csrrs   s7, frm, zero",,
00000000800059c0,,s4:0000000000000010,,001b1a73,1,"csrrw   s4, fflags, s6",,
00000000800059c4,,a0:0000000800000000,,00fa1533,1,"sll     a0, s4, a5",,
00000000800059c8,,s11:0000000000000000,,02ca5db3,1,"divu    s11, s4, a2",,
0000000080004008,,s8:0000000080006008,,00002c17,3,"auipc   s8, 0x2",,
000000008000400c,,s8:00000000800060fa,,0f2c0c13,3,"addi    s8, s8, 242",,
0000000080004010,,ra:0000000080004014,,000c00e7,3,jalr    s8,,
00000000800060fa,,a5:00000000800059cc,,341027f3,3,"csrrs   a5, mepc, zero",,
00000000800060fe,,a4:0000000000000002,,34202773,3,"csrrs   a4, mcause, zero",,
0000000080006102,,a3:00000000800060fa,,142026f3,3,"csrrs   a3, scause, zero",,
0000000080006106,,a2:0000000000000a00,,30402673,3,"csrrs   a2, mie, zero",,
000000008000610a,,a1:0000000000000080,,344025f3,3,"csrrs   a1, mip, zero",,
000000008000610e,,a1:00000000f13079f3,,343025f3,3,"csrrs   a1, mtval, zero",,
0000000080006112,,a0:0000000000000016,,14302573,3,"csrrs   a0, stval, zero",,
0000000080006116,,s1:000000000000187c,,b02024f3,3,"csrrs   s1, minstret, zero",,
000000008000612e,,a5:00000000800059d0,,00000791,3,"c.addi  a5, 4",,
00000000800059d0,,s8:00000000800060fa,,410c0c33,1,"sub     s8, s8, a6",,
00000000800059d6,,ft10:7ff8000000000000,,2aff1f53,1,"fmax.d  ft10, ft10, fa5",,
00000000800059da,,fs7:8000000000000000,,420c0bd3,1,"fcvt.d.s fs7, fs8",,
00000000800059de,,a6:fffffffffffffe00,,4160d81b,1,"sraiw   a6, ra, 22",,
00000000800059e2,,t0:0000000001a90000,,01a902b7,1,"lui     t0, 0x1a90",,
00000000800059e6,,t0:0000000001a8f8b9,,8b92829b,1,"addiw   t0, t0, -1863",,
00000000800059ea,,t0:0000001a8f8b9000,,000002b2,1,"c.slli  t0, 12",,
00000000800059ec,,t0:0000001a8f8b946e,,46e28293,1,"addi    t0, t0, 1134",,
0000000080004008,,s8:0000000080006008,,00002c17,3,"auipc   s8, 0x2",,
000000008000400c,,s8:00000000800060fa,,0f2c0c13,3,"addi    s8, s8, 242",,
0000000080004010,,ra:0000000080004014,,000c00e7,3,jalr    s8,,
00000000800060fa,,a5:00000000800059f0,,341027f3,3,"csrrs   a5, mepc, zero",,
00000000800060fe,,a4:0000000000000002,,34202773,3,"csrrs   a4, mcause, zero",,
0000000080006102,,a3:00000000800060fa,,142026f3,3,"csrrs   a3, scause, zero",,
0000000080006106,,a2:0000000000000a00,,30402673,3,"csrrs   a2, mie, zero",,
000000008000610a,,a1:0000000000000080,,344025f3,3,"csrrs   a1, mip, zero",,
000000008000610e,,a1:000000003061ea73,,343025f3,3,"csrrs   a1, mtval, zero",,
0000000080006112,,a0:0000000000000016,,14302573,3,"csrrs   a0, stval, zero",,
0000000080006116,,s1:0000000000001895,,b02024f3,3,"csrrs   s1, minstret, zero",,
000000008000612e,,a5:00000000800059f4,,00000791,3,"c.addi  a5, 4",,
00000000800059f4,,a0:7fffffffffffffff,,c02f7553,1,"fcvt.l.s a0, ft10",,
00000000800059f8,,t3:0000000000000000,,40eade3b,1,"sraw    t3, s5, a4",,
00000000800059fc,,fs1:ffffffffffffffff,,224804d3,1,"fsgnj.d fs1, fa6, ft4",,
0000000080005a00,,s3:7fffffffffffffff,,fff57993,1,"andi    s3, a0, -1",,
0000000080005a04,,t3:000000007fff9f06,,41800e3b,1,"subw    t3, zero, s8",,
0000000080005a0c,,s11:0000000000000004,,00202df3,1,"csrrs   s11, frm, zero",,
0000000080005a10,,sp:000000004b4005a6,,017b013b,1,"addw    sp, s6, s7",,
0000000080005a14,,fa6:7ff8000000000000,,1b747853,1,"fdiv.d  fa6, fs0, fs7",,
0000000080005a18,,s8:0000000000008000,,017cdc3b,1,"srlw    s8, s9, s7",,
0000000080005a1c,,s7:000000007ffffd90,,d9130b93,1,"addi    s7, t1, -623",,
0000000080005a20,,tp:0000000000000004,,002a9273,1,"csrrw   tp, frm, s5",,
0000000080005a24,,t0:0000000000000008,,004202b3,1,"add     t0, tp, tp",,
0000000080005a28,,t1:ffffffffffffffff,,c0357353,1,"fcvt.lu.s t1, fa0",,
0000000080005a2c,,s3:fffffffffffffff0,,033a09b3,1,"mul     s3, s4, s3",,
0000000080005a30,,t0:ffffffffffffffff,,c23af2d3,1,"fcvt.lu.d t0, fs5",,
0000000080005a34,,s5:000000001eae4000,,1eae4ab7,1,"lui     s5, 0x1eae4",,
0000000080005a38,,fa4:41efffffffe00000,,d2130753,1,"fcvt.d.wu fa4, t1",,
0000000080005a3c,,fa2:ffffffff49000000,,d02cf653,1,"fcvt.s.l fa2, s9",,
0000000080005a40,,fs11:7fffffff49000000,,2347add3,1,"fsgnjx.d fs11, fa5, fs4",,
0000000080005a44,,s5:0000000000000000,,40badab3,1,"sra     s5, s5, a1",,
0000000080005a48,,a6:7fffffffffffffff,,c026f853,1,"fcvt.l.s a6, fa3",,
0000000080005a4c,,fa0:4120000000000000,,237a1553,1,"fsgnjn.d fa0, fs4, fs7",,
0000000080005a50,,s10:0000000000080000,,bd4cfd13,1,"andi    s10, s9, -1068",,
0000000080005a54,,ra:00000000a4fcaa54,,24fc5097,1,"auipc   ra, 0x24fc5",,
0000000080005a58,,a7:0000000000000000,,411758b3,1,"sra     a7, a4, a7",,
0000000080005a5c,,a3:0000000000000801,,7ff7069b,1,"addiw   a3, a4, 2047",,
0000000080005a60,,sp:0000000000000811,,0146c133,1,"xor     sp, a3, s4",,
0000000080005a64,,fa4:41efffffffa00000,,0a377753,1,"fsub.d  fa4, fa4, ft3",,
0000000080005a68,,ra:fffffffffffffffe,,00181093,1,"slli    ra, a6, 1",,
0000000080005a6c,,s7:ffffffffffffffff,,035b4bbb,1,"divw    s7, s6, s5",,
0000000080005a70,,s9:0000000000000000,,40515cbb,1,"sraw    s9, sp, t0",,
0000000080005a74,,tp:0000000000000010,,018a123b,1,"sllw    tp, s4, s8",,
0000000080005a78,,a0:0000000000001895,,0004951b,1,"slliw   a0, s1, 0",,
0000000080005a7c,,a7:000000004b4005a2,,016888bb,1,"addw    a7, a7, s6",,
0000000080005a80,,fs7:7ff8000000000000,,5a027bd3,1,"fsqrt.d fs7, ft4",,
0000000080005a84,,ft5:7ff8000000000000,,420e82d3,1,"fcvt.d.s ft5, ft9",,
0000000080005a88,,t3:0000000000000001,,0162ae33,1,"slt     t3, t0, s6",,
0000000080005a8c,,ft7:c1e00004c3c00000,,0bdd73d3,1,"fsub.d  ft7, fs10, ft9",,
0000000080005a90,,s0:0000000000000000,,0386c43b,1,"divw    s0, a3, s8",,
0000000080005a94,,a4:0000000000000000,,014e571b,1,"srliw   a4, t3, 20",,
0000000080005a98,,t0:0000000000000000,,408752b3,1,"sra     t0, a4, s0",,
0000000080005a9c,,fs3:0000000000000000,,d21709d3,1,"fcvt.d.wu fs3, a4",,
0000000080005aa4,,fa7:0000000000000000,,8b13f8c3,1,"fmadd.d fa7, ft7, fa7, fa7",,
0000000080005aa8,,t1:0000000000000000,,01ae933b,1,"sllw    t1, t4, s10",,
0000000080005abc,,t3:ffffffffffffffff,,c03d7e53,1,"fcvt.lu.s t3, fs10",,
0000000080005ac0,,s4:ffffffffffffffff,,400bda33,1,"sra     s4, s7, zero",,
0000000080005ac4,,s10:0000000000000000,,00035d13,1,"srli    s10, t1, 0",,
0000000080005ac8,,ft2:7ff8000000000000,,42038153,1,"fcvt.d.s ft2, ft7",,
0000000080005acc,,fs1:7ff8000000000000,,a223f4cb,1,"fnmsub.d fs1, ft7, ft2, fs4",,
0000000080005ad0,,ft7:7fffffff40000000,,222203d3,1,"fsgnj.d ft7, ft4, ft2",,
0000000080005ad4,,fs5:7ff8000000000000,,2ad69ad3,1,"fmax.d  fs5, fa3, fa3",,
0000000080005ad8,,s4:0000000000000000,,022eca33,1,"div     s4, t4, sp",,
0000000080004008,,s8:0000000080006008,,00002c17,3,"auipc   s8, 0x2",,
000000008000400c,,s8:00000000800060fa,,0f2c0c13,3,"addi    s8, s8, 242",,
0000000080004010,,ra:0000000080004014,,000c00e7,3,jalr    s8,,
00000000800060fa,,a5:0000000080005adc,,341027f3,3,"csrrs   a5, mepc, zero",,
00000000800060fe,,a4:0000000000000002,,34202773,3,"csrrs   a4, mcause, zero",,
0000000080006102,,a3:00000000800060fa,,142026f3,3,"csrrs   a3, scause, zero",,
0000000080006106,,a2:0000000000000a00,,30402673,3,"csrrs   a2, mie, zero",,
000000008000610a,,a1:0000000000000080,,344025f3,3,"csrrs   a1, mip, zero",,
000000008000610e,,a1:00000000c0395673,,343025f3,3,"csrrs   a1, mtval, zero",,
0000000080006112,,a0:0000000000000016,,14302573,3,"csrrs   a0, stval, zero",,
0000000080006116,,s1:00000000000018df,,b02024f3,3,"csrrs   s1, minstret, zero",,
000000008000612e,,a5:0000000080005ae0,,00000791,3,"c.addi  a5, 4",,
0000000080005ae0,,s10:0000000000000000,,026d3d33,1,"mulhu   s10, s10, t1",,
0000000080005ae4,,fa0:c120000000000000,,2b488553,1,"fmin.d  fa0, fa7, fs4",,
0000000080004008,,s8:0000000080006008,,00002c17,3,"auipc   s8, 0x2",,
000000008000400c,,s8:00000000800060fa,,0f2c0c13,3,"addi    s8, s8, 242",,
0000000080004010,,ra:0000000080004014,,000c00e7,3,jalr    s8,,
00000000800060fa,,a5:0000000080005ae8,,341027f3,3,"csrrs   a5, mepc, zero",,
00000000800060fe,,a4:0000000000000002,,34202773,3,"csrrs   a4, mcause, zero",,
0000000080006102,,a3:00000000800060fa,,142026f3,3,"csrrs   a3, scause, zero",,
0000000080006106,,a2:0000000000000a00,,30402673,3,"csrrs   a2, mie, zero",,
000000008000610a,,a1:0000000000000080,,344025f3,3,"csrrs   a1, mip, zero",,
000000008000610e,,a1:00000000b82d2973,,343025f3,3,"csrrs   a1, mtval, zero",,
0000000080006112,,a0:0000000000000016,,14302573,3,"csrrs   a0, stval, zero",,
0000000080006116,,s1:00000000000018f1,,b02024f3,3,"csrrs   s1, minstret, zero",,
000000008000612e,,a5:0000000080005aec,,00000791,3,"c.addi  a5, 4",,
0000000080005aec,,tp:ffffffffa5125000,,a5125237,1,"lui     tp, 0xa5125",,
0000000080005af0,,fa4:7ff8000000000000,,0b5af753,1,"fsub.d  fa4, fs5, fs5",,
0000000080005af4,,a3:fffffffffffff8fa,,8006e693,1,"ori     a3, a3, -2048",,
0000000080005af8,,a7:0000000000000012,,001798f3,1,"csrrw   a7, fflags, a5",,
0000000080005afc,,a1:0000000000000001,,001d0593,1,"addi    a1, s10, 1",,
0000000080005b00,,s5:fffffffffffffd3b,,d3ce0a93,1,"addi    s5, t3, -708",,
0000000080005b04,,t0:fffffffffffffd3b,,005ac2b3,1,"xor     t0, s5, t0",,
0000000080005b08,,s3:0000000000000000,,a26509d3,1,"fle.d   s3, fa0, ft6",,
0000000080005b10,,s1:0000000002b4e000,,02b4e4b7,1,"lui     s1, 0x2b4e",,
0000000080005b14,,s1:0000000002b4d833,,8334849b,1,"addiw   s1, s1, -1997",,
0000000080005b18,,s1:000000569b066000,,000004b6,1,"c.slli  s1, 13",,
0000000080005b1a,,s1:000000569b065d4f,,d4f48493,1,"addi    s1, s1, -689",,
0000000080005b1e,,fa6:7ff8000000000000,,03037853,1,"fadd.d  fa6, ft6, fa6",,
0000000080005b22,,a3:fffffffffffffd37,,41b286b3,1,"sub     a3, t0, s11",,
0000000080005b2a,,t1:0000000000000000,,03310333,1,"mul     t1, sp, s3",,
0000000080005b2e,,a7:fffffffffffffd37,,006688b3,1,"add     a7, a3, t1",,
0000000080005b34,,s11:7fffffffffffffff,,41280db3,1,"sub     s11, a6, s2",,
0000000080005b38,,ft8:7ff8000000000000,,72e87e4f,1,"fnmadd.d ft8, fa6, fa4, fa4",,
0000000080005b3c,,a7:ffffffffffffffff,,000d989b,1,"slliw   a7, s11, 0",,
0000000080005b40,,ft0:ffffffff5f800000,,d038f053,1,"fcvt.s.lu ft0, a7",,
0000000080005b44,,a0:0000000000000000,,01cef533,1,"and     a0, t4, t3",,
0000000080005b48,,a3:0000000000000000,,a30706d3,1,"fle.d   a3, fa4, fa6",,
0000000080005b4c,,a1:ffffffffffffffff,,8008e593,1,"ori     a1, a7, -2048",,
0000000080005b50,,s6:0000000000000000,,03d56b33,1,"rem     s6, a0, t4",,
0000000080005b54,,a2:0000000000000000,,02bb5633,1,"divu    a2, s6, a1",,
0000000080005b58,,tp:0000000000000000,,416b5233,1,"sra     tp, s6, s6",,
0000000080005b5c,,t1:ffffffffffffffff,,41d38333,1,"sub     t1, t2, t4",,
0000000080005b60,,s0:0000000000000001,,00232433,1,"slt     s0, t1, sp",,
0000000080005b64,,ft9:ffffffff45011000,,d0217ed3,1,"fcvt.s.l ft9, sp",,
0000000080005b68,,a2:0000000000000000,,14192673,1,"csrrs   a2, sepc, s2",,
0000000080005b6c,,ft1:7ff8000000000000,,eb56f0c7,1,"fmsub.d ft1, fa3, fs5, ft9",,
0000000080005b70,,s11:0000000000000000,,01947db3,1,"and     s11, s0, s9",,
0000000080005b74,,sp:fffffffffffff000,,00c8911b,1,"slliw   sp, a7, 12",,
0000000080005b78,,t4:ffffffffffffffff,,7ff36e93,1,"ori     t4, t1, 2047",,
0000000080005b7c,,fa2:7ff8000000000000,,0ad8f653,1,"fsub.d  fa2, fa7, fa3",,
0000000080005b80,,fs7:7ff8000000000000,,0aca7bd3,1,"fsub.d  fs7, fs4, fa2",,
0000000080005b84,,a1:ffffffffffffffff,,039cc5bb,1,"divw    a1, s9, s9",,
0000000080005b88,,s4:000000000000001d,,00191a73,1,"csrrw   s4, fflags, s2",,
0000000080005b8c,,t2:0000000000000017,,0343f3b3,1,"remu    t2, t2, s4",,
0000000080005b90,,a0:00080005aec00000,,01479513,1,"slli    a0, a5, 20",,
0000000080005b94,,s8:ffffffffffffffff,,03bc5c33,1,"divu    s8, s8, s11",,
0000000080005b98,,s6:fffffffffffffd3b,,02bafb3b,1,"remuw   s6, s5, a1",,
0000000080005b9c,,ft5:7ff8000000000000,,2a66f2cf,1,"fnmadd.d ft5, fa3, ft6, ft5",,
0000000080005ba4,,a1:0000000000000000,,02bee5b3,1,"rem     a1, t4, a1",,
0000000080005ba8,,t0:0000000000000000,,a3c682d3,1,"fle.d   t0, fa3, ft8",,
0000000080005bac,,s2:00000000035e0000,,035e0937,1,"lui     s2, 0x35e0",,
0000000080005bb0,,s2:00000000035dfe07,,e079091b,1,"addiw   s2, s2, -505",,
0000000080005bb4,,s2:00000035dfe07000,,00000932,1,"c.slli  s2, 12",,
0000000080005bb6,,s2:00000035dfe0738f,,38f90913,1,"addi    s2, s2, 911",,
0000000080005bba,,s4:fffffffffffffffe,,001e1a1b,1,"slliw   s4, t3, 1",,
0000000080005bbe,,fs8:7ff8000000000000,,5a0bfc53,1,"fsqrt.d fs8, fs7",,
0000000080005bc2,,t0:ffffffffffffffff,,005c12bb,1,"sllw    t0, s8, t0",,
0000000080005bc6,,a0:7fffffffffffffff,,c22c7553,1,"fcvt.l.d a0, fs8",,
0000000080005bca,,a1:7fffffffffffffff,,16d56593,1,"ori     a1, a0, 365",,
0000000080005bce,,s6:ffffffffdfe07229,,e9a90b1b,1,"addiw   s6, s2, -358",,
0000000080005bd2,,s8:ffffffffffffffff,,03b64c33,1,"div     s8, a2, s11",,
0000000080005bd6,,a0:0000000000000000,,0199a533,1,"slt     a0, s3, s9",,
0000000080005bda,,ft4:7ff8000000000000,,73c7724b,1,"fnmsub.d ft4, fa4, ft8, fa4",,
0000000080005bde,,t0:0000000000000010,,001992f3,1,"csrrw   t0, fflags, s3",,
0000000080005be2,,fs3:7ff8000000000000,,12b079d3,1,"fmul.d  fs3, ft0, fa1",,
0000000080005be8,,t4:000000000001ffff,,00f85e9b,1,"srliw   t4, a6, 15",,
0000000080005bec,,t2:ffffffff7fffa513,,0187c3b3,1,"xor     t2, a5, s8",,
0000000080005bf4,,fa1:41e0000b5d800000,,d21785d3,1,"fcvt.d.wu fa1, a5",,
0000000080005bfe,,fa3:ffffffff40000000,,23f316d3,1,"fsgnjn.d fa3, ft6, ft11",,
0000000080005c02,,ra:0000000000000000,,0197f0b3,1,"and     ra, a5, s9",,
0000000080005c06,,t4:0000000000003fff,,003ede93,1,"srli    t4, t4, 3",,
0000000080005c0a,,a0:00000000379fb000,,379fb537,1,"lui     a0, 0x379fb",,
0000000080005c0e,,s4:0000000000000000,,14442a73,1,"csrrs   s4, sip, s0",,
0000000080005c12,,a3:0000000000000000,,40fa569b,1,"sraiw   a3, s4, 15",,
0000000080005c16,,t0:0000001fffffffff,,01b35293,1,"srli    t0, t1, 27",,
0000000080005c1a,,t1:0000000000000000,,0388f333,1,"remu    t1, a7, s8",,
0000000080005c1e,,ft11:7ff8000000000000,,0b0fffc3,1,"fmadd.d ft11, ft11, fa6, ft1",,
0000000080005c22,,tp:ffffffffff800000,,0175921b,1,"slliw   tp, a1, 23",,
0000000080005c28,,a4:0000000000000000,,0139d73b,1,"srlw    a4, s3, s3",,
0000000080005c2c,,a0:000000569b065d4f,,01c4f533,1,"and     a0, s1, t3",,
0000000080005c30,,s5:0000000007e2e000,,07e2eab7,1,"lui     s5, 0x7e2e",,
0000000080005c34,,s5:0000000007e2de53,,e53a8a9b,1,"addiw   s5, s5, -429",,
0000000080005c38,,s5:0000007e2de53000,,00000ab2,1,"c.slli  s5, 12",,
0000000080005c3a,,s5:0000007e2de52c32,,c32a8a93,1,"addi    s5, s5, -974",,
0000000080005c3e,,fs2:bff0000000000000,,d22bf953,1,"fcvt.d.l fs2, s7",,
0000000080005c42,,s5:0000000003737000,,03737ab7,1,"lui     s5, 0x3737",,
0000000080005c46,,s5:0000000003736b85,,b85a8a9b,1,"addiw   s5, s5, -1147",,
0000000080005c4a,,s5:0000003736b85000,,00000ab2,1,"c.slli  s5, 12",,
0000000080005c4c,,s5:0000003736b85797,,797a8a93,1,"addi    s5, s5, 1943",,
0000000080005c50,,s9:ffffffffff7fffff,,00458cbb,1,"addw    s9, a1, tp",,
0000000080005c54,,a6:ffffffffffffffff,,c23bf853,1,"fcvt.lu.d a6, fs7",,
0000000080005c58,,ft3:7ff8000000000000,,420b81d3,1,"fcvt.d.s ft3, fs7",,
0000000080005c5c,,s7:0000000000000010,,001b9bf3,1,"csrrw   s7, fflags, s7",,
0000000080005c60,,tp:e5100fc638800000,,02490233,1,"mul     tp, s2, tp",,
0000000080005c64,,s11:ffffffffffffffff,,4018dd93,1,"srai    s11, a7, 1",,
0000000080005c68,,a4:00000035dfe07760,,3d190713,1,"addi    a4, s2, 977",,
0000000080005c6c,,s6:7fffffffffffffff,,c021fb53,1,"fcvt.l.s s6, ft3",,
0000000080005c70,,fa4:ffffffff7fc00000,,401c7753,1,"fcvt.s.d fa4, fs8",,
0000000080005c74,,fs1:7ff8000000000000,,03cc74d3,1,"fadd.d  fs1, fs8, ft8",,
0000000080005c78,,ft8:7ff8000000000000,,0a80fe53,1,"fsub.d  ft8, ft1, fs0",,
0000000080005c7c,,s3:0000000000000424,,425b099b,1,"addiw   s3, s6, 1061",,
0000000080005c80,,ft11:43f0000000000000,,d23e7fd3,1,"fcvt.d.lu ft11, t3",,
0000000080005c84,,gp:ffffffffff7fffff,,0194e1b3,1,"or      gp, s1, s9",,
0000000080005c8c,,gp:0000000000000008,,401bd193,1,"srai    gp, s7, 1",,
0000000080005c90,,a5:0000000000000000,,002657b3,1,"srl     a5, a2, sp",,
0000000080005c94,,fa6:ffffffff00000000,,d027f853,1,"fcvt.s.l fa6, a5",,
0000000080005c98,,s5:ffffffffffffffff,,400e5a93,1,"srai    s5, t3, 0",,
0000000080005c9c,,a7:0000000000000009,,411188bb,1,"subw    a7, gp, a7",,
0000000080005ca0,,a2:7fffffff49000000,,e20d8653,1,"fmv.x.d a2, fs11",,
0000000080005ca4,,s1:000000009e99dca4,,1e998497,1,"auipc   s1, 0x1e998",,
0000000080005ca8,,s0:0000000000000000,,00da6433,1,"or      s0, s4, a3",,
0000000080005cac,,s6:e5100fc6387fc001,,41d20b33,1,"sub     s6, tp, t4",,
0000000080005cb0,,a6:7fffffffffffffff,,c02df853,1,"fcvt.l.s a6, fs11",,
0000000080005cb4,,fs0:7ff8000000000000,,cb04744f,1,"fnmadd.d fs0, fs0, fa6, fs9",,
0000000080005cb8,,s7:0000000000000000,,006b7bb3,1,"and     s7, s6, t1",,
0000000080005cbc,,a5:00000000387fc001,,40eb57bb,1,"sraw    a5, s6, a4",,
0000000080005cc0,,t3:c1effeffffc00000,,e20c8e53,1,"fmv.x.d t3, fs9",,
0000000080005cc4,,fa5:7ff8000000000000,,420487d3,1,"fcvt.d.s fa5, fs1",,
0000000080005cc8,,ft3:41effffe00000000,,d21101d3,1,"fcvt.d.wu ft3, sp",,
0000000080005ccc,,fa1:7ff8000000000000,,223485d3,1,"fsgnj.d fa1, fs1, ft3",,
0000000080005cd0,,fs4:7ff8000000000000,,5a06fa53,1,"fsqrt.d fs4, fa3",,
0000000080005cd4,,s7:ffffffffff800007,,003c8bbb,1,"addw    s7, s9, gp",,
0000000080005cd8,,fs5:7ff8000000000000,,23c58ad3,1,"fsgnj.d fs5, fa1, ft8",,
0000000080005cdc,,s10:0000001fffffffff,,0282fd33,1,"remu    s10, t0, s0",,
0000000080005ce0,,a6:000000001c3fe000,,016b583b,1,"srlw    a6, s6, s6",,
0000000080005ce4,,a5:000000001c3fe000,,f9487793,1,"andi    a5, a6, -108",,
0000000080005ce8,,s9:0000000000000000,,00279cf3,1,"csrrw   s9, frm, a5",,
0000000080005cec,,sp:000000001c3fe000,,0007911b,1,"slliw   sp, a5, 0",,
0000000080005cf0,,s11:ffffffffffffffff,,404dddbb,1,"sraw    s11, s11, tp",,
0000000080005cf4,,ft0:ffffffff00000000,,d02cf053,1,"fcvt.s.l ft0, s9",,
0000000080005cf8,,t1:0000000000000000,,0193131b,1,"slliw   t1, t1, 25",,
0000000080005cfc,,ft10:7ff8000000000000,,a2637f43,1,"fmadd.d ft10, ft6, ft6, fs4",,
0000000080005d10,,fa0:0000000000000008,,f2018553,1,"fmv.d.x fa0, gp",,
0000000080005d14,,s8:ffffffffffffffff,,c0337c53,1,"fcvt.lu.s s8, ft6",,
0000000080005d18,,gp:0000000000000000,,0016919b,1,"slliw   gp, a3, 1",,
0000000080005d1c,,s10:0000000000000000,,00202d73,1,"csrrs   s10, frm, zero",,
0000000080005d20,,t1:0000000000000000,,02739333,1,"mulh    t1, t2, t2",,
0000000080005d24,,t0:0000000000000000,,001172b3,1,"and     t0, sp, ra",,
0000000080005d28,,fs11:0000000000000000,,f20a0dd3,1,"fmv.d.x fs11, s4",,
0000000080005d2e,,fa1:0000000000000000,,d23d75d3,1,"fcvt.d.lu fa1, s10",,
0000000080005d32,,s5:0000000000000000,,036d1a93,1,"slli    s5, s10, 54",,
0000000080005d36,,t3:0000000000000000,,c22dfe53,1,"fcvt.l.d t3, fs11",,
0000000080005d3a,,a7:ffffffffffffd9e1,,c20d78d3,1,"fcvt.w.d a7, fs10",,
0000000080005d3e,,s2:0000000038800000,,0032593b,1,"srlw    s2, tp, gp",,
0000000080005d42,,t3:0000000000000000,,40de5e1b,1,"sraiw   t3, t3, 13",,
0000000080005d48,,s9:0000000000000000,,4111dcbb,1,"sraw    s9, gp, a7",,
0000000080005d4c,,fs5:ffffffff00000000,,d02e7ad3,1,"fcvt.s.l fs5, t3",,
0000000080005d50,,s7:000000000000001f,,00151bf3,1,"csrrw   s7, fflags, a0",,
0000000080005d54,,t3:0000000000000000,,a2ba8e53,1,"fle.d   t3, fs5, fa1",,
0000000080005d58,,s9:0000000000000000,,002b9cf3,1,"csrrw   s9, frm, s7",,
0000000080005d5c,,ra:0000000000000000,,001190bb,1,"sllw    ra, gp, ra",,
0000000080005d60,,s6:0000000000000424,,00098b33,1,"add     s6, s3, zero",,
0000000080004008,,s8:0000000080006008,,00002c17,3,"auipc   s8, 0x2",,
000000008000400c,,s8:00000000800060fa,,0f2c0c13,3,"addi    s8, s8, 242",,
0000000080004010,,ra:0000000080004014,,000c00e7,3,jalr    s8,,
00000000800060fa,,a5:0000000080005d64,,341027f3,3,"csrrs   a5, mepc, zero",,
00000000800060fe,,a4:0000000000000002,,34202773,3,"csrrs   a4, mcause, zero",,
0000000080006102,,a3:00000000800060fa,,142026f3,3,"csrrs   a3, scause, zero",,
0000000080006106,,a2:0000000000000a00,,30402673,3,"csrrs   a2, mie, zero",,
000000008000610a,,a1:0000000000000080,,344025f3,3,"csrrs   a1, mip, zero",,
000000008000610e,,a1:00000000c035f6d3,,343025f3,3,"csrrs   a1, mtval, zero",,
0000000080006112,,a0:0000000000000016,,14302573,3,"csrrs   a0, stval, zero",,
0000000080006116,,s1:00000000000019a4,,b02024f3,3,"csrrs   s1, minstret, zero",,
000000008000612e,,a5:0000000080005d68,,00000791,3,"c.addi  a5, 4",,
0000000080004008,,s8:0000000080006008,,00002c17,3,"auipc   s8, 0x2",,
000000008000400c,,s8:00000000800060fa,,0f2c0c13,3,"addi    s8, s8, 242",,
0000000080004010,,ra:0000000080004014,,000c00e7,3,jalr    s8,,
00000000800060fa,,a5:0000000080005d68,,341027f3,3,"csrrs   a5, mepc, zero",,
00000000800060fe,,a4:0000000000000002,,34202773,3,"csrrs   a4, mcause, zero",,
0000000080006102,,a3:00000000800060fa,,142026f3,3,"csrrs   a3, scause, zero",,
0000000080006106,,a2:0000000000000a00,,30402673,3,"csrrs   a2, mie, zero",,
000000008000610a,,a1:0000000000000080,,344025f3,3,"csrrs   a1, mip, zero",,
000000008000610e,,a1:00000000035aff53,,343025f3,3,"csrrs   a1, mtval, zero",,
0000000080006112,,a0:0000000000000016,,14302573,3,"csrrs   a0, stval, zero",,
0000000080006116,,s1:00000000000019b4,,b02024f3,3,"csrrs   s1, minstret, zero",,
000000008000612e,,a5:0000000080005d6c,,00000791,3,"c.addi  a5, 4",,
0000000080005d6c,,ra:0000000000000091,,091a6093,1,"ori     ra, s4, 145",,
0000000080004008,,s8:0000000080006008,,00002c17,3,"auipc   s8, 0x2",,
000000008000400c,,s8:00000000800060fa,,0f2c0c13,3,"addi    s8, s8, 242",,
0000000080004010,,ra:0000000080004014,,000c00e7,3,jalr    s8,,
00000000800060fa,,a5:0000000080005d70,,341027f3,3,"csrrs   a5, mepc, zero",,
00000000800060fe,,a4:0000000000000002,,34202773,3,"csrrs   a4, mcause, zero",,
0000000080006102,,a3:00000000800060fa,,142026f3,3,"csrrs   a3, scause, zero",,
0000000080006106,,a2:0000000000000a00,,30402673,3,"csrrs   a2, mie, zero",,
000000008000610a,,a1:0000000000000080,,344025f3,3,"csrrs   a1, mip, zero",,
000000008000610e,,a1:000000005a40744b,,343025f3,3,"csrrs   a1, mtval, zero",,
0000000080006112,,a0:0000000000000016,,14302573,3,"csrrs   a0, stval, zero",,
0000000080006116,,s1:00000000000019c5,,b02024f3,3,"csrrs   s1, minstret, zero",,
000000008000612e,,a5:0000000080005d74,,00000791,3,"c.addi  a5, 4",,
0000000080005d74,,a4:0000000008756ead,,02f8f733,1,"remu    a4, a7, a5",,
0000000080005d78,,ft3:7ff8000000000000,,227401d3,1,"fsgnj.d ft3, fs0, ft7",,
0000000080005d7c,,a5:0000000000000000,,036c27b3,1,"mulhsu  a5, s8, s6",,
0000000080005d80,,fa2:41a0eadd5a000000,,d2170653,1,"fcvt.d.wu fa2, a4",,
0000000080005d84,,a7:0000000000000000,,014d08b3,1,"add     a7, s10, s4",,
0000000080005d88,,gp:0000000008756ead,,00e8e1b3,1,"or      gp, a7, a4",,
0000000080004008,,s8:0000000080006008,,00002c17,3,"auipc   s8, 0x2",,
000000008000400c,,s8:00000000800060fa,,0f2c0c13,3,"addi    s8, s8, 242",,
0000000080004010,,ra:0000000080004014,,000c00e7,3,jalr    s8,,
00000000800060fa,,a5:0000000080005d92,,341027f3,3,"csrrs   a5, mepc, zero",,
00000000800060fe,,a4:0000000000000002,,34202773,3,"csrrs   a4, mcause, zero",,
0000000080006102,,a3:00000000800060fa,,142026f3,3,"csrrs   a3, scause, zero",,
0000000080006106,,a2:0000000000000a00,,30402673,3,"csrrs   a2, mie, zero",,
000000008000610a,,a1:0000000000000080,,344025f3,3,"csrrs   a1, mip, zero",,
000000008000610e,,a1:00000000c236f153,,343025f3,3,"csrrs   a1, mtval, zero",,
0000000080006112,,a0:0000000000000016,,14302573,3,"csrrs   a0, stval, zero",,
0000000080006116,,s1:00000000000019dd,,b02024f3,3,"csrrs   s1, minstret, zero",,
000000008000612e,,a5:0000000080005d96,,00000791,3,"c.addi  a5, 4",,
0000000080005d96,,a2:0000000000000000,,03a19633,1,"mulh    a2, gp, s10",,
0000000080005d9c,,a1:0000000000000000,,00f355b3,1,"srl     a1, t1, a5",,
0000000080004008,,s8:0000000080006008,,00002c17,3,"auipc   s8, 0x2",,
000000008000400c,,s8:00000000800060fa,,0f2c0c13,3,"addi    s8, s8, 242",,
0000000080004010,,ra:0000000080004014,,000c00e7,3,jalr    s8,,
00000000800060fa,,a5:0000000080005da0,,341027f3,3,"csrrs   a5, mepc, zero",,
00000000800060fe,,a4:0000000000000002,,34202773,3,"csrrs   a4, mcause, zero",,
0000000080006102,,a3:00000000800060fa,,142026f3,3,"csrrs   a3, scause, zero",,
0000000080006106,,a2:0000000000000a00,,30402673,3,"csrrs   a2, mie, zero",,
000000008000610a,,a1:0000000000000080,,344025f3,3,"csrrs   a1, mip, zero",,
000000008000610e,,a1:00000000ea64f1c7,,343025f3,3,"csrrs   a1, mtval, zero",,
0000000080006112,,a0:0000000000000016,,14302573,3,"csrrs   a0, stval, zero",,
0000000080006116,,s1:00000000000019f0,,b02024f3,3,"csrrs   s1, minstret, zero",,
000000008000612e,,a5:0000000080005da4,,00000791,3,"c.addi  a5, 4",,
0000000080005da4,,a3:7fffffff40000000,,e20306d3,1,"fmv.x.d a3, ft6",,
0000000080004008,,s8:0000000080006008,,00002c17,3,"auipc   s8, 0x2",,
000000008000400c,,s8:00000000800060fa,,0f2c0c13,3,"addi    s8, s8, 242",,
0000000080004010,,ra:0000000080004014,,000c00e7,3,jalr    s8,,
00000000800060fa,,a5:0000000080005da8,,341027f3,3,"csrrs   a5, mepc, zero",,
00000000800060fe,,a4:0000000000000002,,34202773,3,"csrrs   a4, mcause, zero",,
0000000080006102,,a3:00000000800060fa,,142026f3,3,"csrrs   a3, scause, zero",,
0000000080006106,,a2:0000000000000a00,,30402673,3,"csrrs   a2, mie, zero",,
000000008000610a,,a1:0000000000000080,,344025f3,3,"csrrs   a1, mip, zero",,
000000008000610e,,a1:00000000d2227d53,,343025f3,3,"csrrs   a1, mtval, zero",,
0000000080006112,,a0:0000000000000016,,14302573,3,"csrrs   a0, stval, zero",,
0000000080006116,,s1:0000000000001a01,,b02024f3,3,"csrrs   s1, minstret, zero",,
000000008000612e,,a5:0000000080005dac,,00000791,3,"c.addi  a5, 4",,
0000000080005dae,,s6:0000000000000007,,00269b73,1,"csrrw   s6, frm, a3",,
0000000080004008,,s8:0000000080006008,,00002c17,3,"auipc   s8, 0x2",,
000000008000400c,,s8:00000000800060fa,,0f2c0c13,3,"addi    s8, s8, 242",,
0000000080004010,,ra:0000000080004014,,000c00e7,3,jalr    s8,,
00000000800060fa,,a5:0000000080005db2,,341027f3,3,"csrrs   a5, mepc, zero",,
00000000800060fe,,a4:0000000000000002,,34202773,3,"csrrs   a4, mcause, zero",,
0000000080006102,,a3:00000000800060fa,,142026f3,3,"csrrs   a3, scause, zero",,
0000000080006106,,a2:0000000000000a00,,30402673,3,"csrrs   a2, mie, zero",,
000000008000610a,,a1:0000000000000080,,344025f3,3,"csrrs   a1, mip, zero",,
000000008000610e,,a1:000000003239a9f3,,343025f3,3,"csrrs   a1, mtval, zero",,
0000000080006112,,a0:0000000000000016,,14302573,3,"csrrs   a0, stval, zero",,
0000000080006116,,s1:0000000000001a13,,b02024f3,3,"csrrs   s1, minstret, zero",,
000000008000612e,,a5:0000000080005db6,,00000791,3,"c.addi  a5, 4",,
0000000080005db6,,a4:000000007fffffff,,c2037753,1,"fcvt.w.d a4, ft6",,
0000000080005dba,,a1:0000000100008028,,001085b3,1,"add     a1, ra, ra",,
0000000080005dbe,,s5:0000000000000000,,c218fad3,1,"fcvt.wu.d s5, fa7",,
0000000080005dc2,,s4:fffffffffffff800,,800a6a13,1,"ori     s4, s4, -2048",,
0000000080005dc6,,s3:0000000000000000,,4145d99b,1,"sraiw   s3, a1, 20",,
0000000080005dd0,,s4:fffffffffffff800,,004a1a33,1,"sll     s4, s4, tp",,
0000000080005dd4,,fs8:bff0000000000000,,2b2a9c53,1,"fmax.d  fs8, fs5, fs2",,
0000000080005dd8,,t0:0000000038800000,,008912bb,1,"sllw    t0, s2, s0",,
0000000080005ddc,,fa1:ffffffff40000000,,238305d3,1,"fsgnj.d fa1, ft6, fs8",,
0000000080005de0,,fa5:7ff8000000000000,,12bf77d3,1,"fmul.d  fa5, ft10, fa1",,
0000000080005de4,,s7:0000000038800000,,4112dbb3,1,"sra     s7, t0, a7",,
0000000080005de8,,s6:000000000000001c,,019bdb1b,1,"srliw   s6, s7, 25",,
0000000080005dec,,fs11:7ff8000000000000,,420c8dd3,1,"fcvt.d.s fs11, fs9",,
0000000080005df0,,ft0:0000000000000000,,42000053,1,"fcvt.d.s ft0, ft0",,
0000000080005df4,,ft5:7ff8000000000000,,23e282d3,1,"fsgnj.d ft5, ft5, ft10",,
0000000080005df8,,s11:000000000000001c,,008b1db3,1,"sll     s11, s6, s0",,
0000000080005dfc,,a6:e5100fc638800000,,f5027813,1,"andi    a6, tp, -176",,
0000000080005e00,,s6:000000000000001c,,039b6b3b,1,"remw    s6, s6, s9",,
0000000080005e04,,a4:ffffffff9c402014,,0011073b,1,"addw    a4, sp, ra",,
0000000080005e08,,t1:0000000000000000,,002c933b,1,"sllw    t1, s9, sp",,
0000000080005e0c,,t0:ffffffffe510024a,,02b212b3,1,"mulh    t0, tp, a1",,
0000000080005e10,,gp:000000003e7b6000,,3e7b61b7,1,"lui     gp, 0x3e7b6",,
0000000080005e16,,a4:000000000000001f,,00169773,1,"csrrw   a4, fflags, a3",,
0000000080005e1a,,fs5:ffffffff7fc00000,,401e7ad3,1,"fcvt.s.d fs5, ft8",,
0000000080005e1e,,t2:0000000000000000,,a20403d3,1,"fle.d   t2, fs0, ft0",,
0000000080005e22,,a7:0000000000000000,,01b758b3,1,"srl     a7, a4, s11",,
0000000080005e26,,t0:000000000000001c,,000b6293,1,"ori     t0, s6, 0",,
0000000080005e2a,,t2:0000000000000000,,0003d393,1,"srli    t2, t2, 0",,
0000000080005e2e,,a7:0000000000000000,,a3cc08d3,1,"fle.d   a7, fs8, ft8",,
0000000080005e32,,s11:000000000284f000,,0284fdb7,1,"lui     s11, 0x284f",,
0000000080005e36,,s11:000000000284ed6b,,d6bd8d9b,1,"addiw   s11, s11, -661",,
0000000080005e3a,,s11:000000509dad6000,,00000db6,1,"c.slli  s11, 13",,
0000000080005e3c,,s11:000000509dad5843,,843d8d93,1,"addi    s11, s11, -1981",,
0000000080005e40,,ra:0000000000000000,,031780bb,1,"mulw    ra, a5, a7",,
0000000080005e44,,fs11:41e0000bb6c00000,,d2178dd3,1,"fcvt.d.wu fs11, a5",,
0000000080004008,,s8:0000000080006008,,00002c17,3,"auipc   s8, 0x2",,
000000008000400c,,s8:00000000800060fa,,0f2c0c13,3,"addi    s8, s8, 242",,
0000000080004010,,ra:0000000080004014,,000c00e7,3,jalr    s8,,
00000000800060fa,,a5:0000000080005e48,,341027f3,3,"csrrs   a5, mepc, zero",,
00000000800060fe,,a4:0000000000000002,,34202773,3,"csrrs   a4, mcause, zero",,
0000000080006102,,a3:00000000800060fa,,142026f3,3,"csrrs   a3, scause, zero",,
0000000080006106,,a2:0000000000000a00,,30402673,3,"csrrs   a2, mie, zero",,
000000008000610a,,a1:0000000000000080,,344025f3,3,"csrrs   a1, mip, zero",,
000000008000610e,,a1:000000003036bbf3,,343025f3,3,"csrrs   a1, mtval, zero",,
0000000080006112,,a0:0000000000000016,,14302573,3,"csrrs   a0, stval, zero",,
0000000080006116,,s1:0000000000001a49,,b02024f3,3,"csrrs   s1, minstret, zero",,
000000008000612e,,a5:0000000080005e4c,,00000791,3,"c.addi  a5, 4",,
0000000080005e4c,,s5:0000000000000000,,03dafabb,1,"remuw   s5, s5, t4",,
0000000080005e50,,fs0:0000000000000000,,2a801453,1,"fmax.d  fs0, ft0, fs0",,
0000000080005e54,,t0:0000000000000000,,0003f293,1,"andi    t0, t2, 0",,
0000000080005e58,,ft9:ffffffff00000000,,d032fed3,1,"fcvt.s.lu ft9, t0",,
0000000080005e60,,t4:0000000000001402,,03ddfeb3,1,"remu    t4, s11, t4",,
0000000080005e64,,s2:0000000000000a00,,03266933,1,"rem     s2, a2, s2",,
0000000080005e68,,s4:0000000038800000,,412bda3b,1,"sraw    s4, s7, s2",,
0000000080005e6c,,t1:000000000000001c,,0169e333,1,"or      t1, s3, s6",,
0000000080005e70,,s10:ffffffffb3ff4000,,b3ff4d37,1,"lui     s10, 0xb3ff4",,
0000000080005e74,,gp:0000000000000002,,002021f3,1,"csrrs   gp, frm, zero",,
0000000080005e78,,s0:000000000000001a,,00121473,1,"csrrw   s0, fflags, tp",,
0000000080005e7c,,sp:000000003036c136,,5435811b,1,"addiw   sp, a1, 1347",,
0000000080005e80,,s4:0000000000000000,,02846a3b,1,"remw    s4, s0, s0",,
0000000080005e86,,s7:0000000000000000,,03412bb3,1,"mulhsu  s7, sp, s4",,
0000000080005e8a,,s11:000000000000276b,,012ddd9b,1,"srliw   s11, s11, 18",,
0000000080005e8e,,fa1:40b4020000000000,,d21e85d3,1,"fcvt.d.wu fa1, t4",,
0000000080005e92,,ra:0000000080004014,,0140c0b3,1,"xor     ra, ra, s4",,
0000000080005e96,,s5:0000000000000a00,,00ca4ab3,1,"xor     s5, s4, a2",,
0000000080005e9a,,gp:4d80000000000000,,002111b3,1,"sll     gp, sp, sp",,
0000000080005e9e,,s10:0000000000000001,,a3b88d53,1,"fle.d   s10, fa7, fs11",,
0000000080005ea2,,s10:0000000000000000,,019c8d3b,1,"addw    s10, s9, s9",,
0000000080005ea6,,a5:0000000000000000,,015277b3,1,"and     a5, tp, s5",,
0000000080005eae,,s9:0000000000001402,,c205fcd3,1,"fcvt.w.d s9, fa1",,
0000000080005eb2,,gp:0000000000008028,,0010919b,1,"slliw   gp, ra, 1",,
0000000080005eb6,,fa4:7ff8000000000000,,62c0f74b,1,"fnmsub.d fa4, ft1, fa2, fa2",,
0000000080005eba,,s0:0000000000000000,,a2ef0453,1,"fle.d   s0, ft10, fa4",,
0000000080005ebe,,s2:fffffffffffff800,,80040913,1,"addi    s2, s0, -2048",,
0000000080005ec2,,fa4:41a0eadd5a000000,,22562753,1,"fsgnjx.d fa4, fa2, ft5",,
0000000080005ec6,,a3:0000000000000000,,0090169b,1,"slliw   a3, zero, 9",,
0000000080005eca,,ft9:40c3b58000000000,,d21d8ed3,1,"fcvt.d.wu ft9, s11",,
0000000080005ece,,a1:0000000000000000,,01f6d59b,1,"srliw   a1, a3, 31",,
0000000080005ed2,,t1:0000000000000000,,026e433b,1,"divw    t1, t3, t1",,
0000000080005ed6,,t2:0000000000000000,,006773b3,1,"and     t2, a4, t1",,
0000000080005eda,,t1:ffffffffffffffff,,c232f353,1,"fcvt.lu.d t1, ft5",,
0000000080005ee2,,s6:000000000000081b,,7ffb0b1b,1,"addiw   s6, s6, 2047",,
0000000080005ee6,,s2:0000000000000001,,0013e913,1,"ori     s2, t2, 1",,
0000000080005eea,,a4:0000000000000002,,00202773,1,"csrrs   a4, frm, zero",,
0000000080005eee,,s3:0000000000000000,,01a739b3,1,"sltu    s3, a4, s10",,
0000000080005ef2,,s11:0000000000000000,,0189ddbb,1,"srlw    s11, s3, s8",,
0000000080005ef6,,t4:0000000000001402,,01bc8eb3,1,"add     t4, s9, s11",,
0000000080005efa,,t0:ffffffffffffffff,,c232f2d3,1,"fcvt.lu.d t0, ft5",,
0000000080005efe,,fa3:7ff8000000000000,,021c76d3,1,"fadd.d  fa3, fs8, ft1",,
0000000080005f02,,a2:7fffffffffffffff,,c0207653,1,"fcvt.l.s a2, ft0",,
0000000080005f06,,a5:0000000000000000,,0004179b,1,"slliw   a5, s0, 0",,
0000000080005f0a,,s7:fffffffffffffa92,,a9190b9b,1,"addiw   s7, s2, -1391",,
0000000080005f0e,,t1:000000000000056e,,417d033b,1,"subw    t1, s10, s7",,
0000000080005f12,,fa7:43f0000000000000,,0b1ff8d3,1,"fsub.d  fa7, ft11, fa7",,
0000000080005f16,,s9:0000000000000000,,02f33cb3,1,"mulhu   s9, t1, a5",,
0000000080005f1a,,s7:0000000000000000,,0176dbbb,1,"srlw    s7, a3, s7",,
0000000080005f1e,,a7:0000000000000000,,a2dc08d3,1,"fle.d   a7, fs8, fa3",,
0000000080005f22,,gp:0000000000000000,,00e6d19b,1,"srliw   gp, a3, 14",,
0000000080005f26,,a5:e5100fc638800000,,403807b3,1,"sub     a5, a6, gp",,
0000000080005f2a,,ra:0000000038800000,,411250bb,1,"sraw    ra, tp, a7",,
0000000080005f32,,t3:0000000000000000,,41398e33,1,"sub     t3, s3, s3",,
0000000080005f3a,,t4:000000001c400000,,0127debb,1,"srlw    t4, a5, s2",,
0000000080005f3e,,s8:7fffffffffffffff,,c028fc53,1,"fcvt.l.s s8, fa7",,
0000000080005f42,,s4:0000000000000000,,005a7a33,1,"and     s4, s4, t0",,
0000000080005f46,,t3:0000000000000000,,000e5e13,1,"srli    t3, t3, 0",,
0000000080005f4a,,s9:0000000000000000,,400cdc93,1,"srai    s9, s9, 0",,
0000000080005f4e,,s10:0000000000000000,,008c9d3b,1,"sllw    s10, s9, s0",,
0000000080005f52,,fs10:7ff8000000000000,,5a02fd53,1,"fsqrt.d fs10, ft5",,
0000000080005f56,,a4:000000003036c136,,002d6733,1,"or      a4, s10, sp",,
0000000080005f5a,,s6:0000000007f14000,,07f14b37,1,"lui     s6, 0x7f14",,
0000000080005f5e,,s6:0000000007f14699,,699b0b1b,1,"addiw   s6, s6, 1689",,
0000000080005f62,,s6:0000007f14699000,,00000b32,1,"c.slli  s6, 12",,
0000000080005f64,,s6:0000007f14699094,,094b0b13,1,"addi    s6, s6, 148",,
0000000080005f6a,,sp:fffffffffffffb6d,,9644e113,1,"ori     sp, s1, -1692",,
0000000080005f6e,,s4:0000000000001a49,,40348a33,1,"sub     s4, s1, gp",,
0000000080005f72,,t3:0000000000000000,,01fe5e1b,1,"srliw   t3, t3, 31",,
0000000080005f76,,ft1:41efffffffe00000,,d21280d3,1,"fcvt.d.wu ft1, t0",,
0000000080005f7a,,fs2:ffffffff00000000,,d035f953,1,"fcvt.s.lu fs2, a1",,
0000000080005f7e,,fs3:7ff8000000000000,,1b20f9d3,1,"fdiv.d  fs3, ft1, fs2",,
0000000080005f82,,s8:0000000000000000,,00632c33,1,"slt     s8, t1, t1",,
0000000080005f86,,fa6:fff8000000000000,,23012853,1,"fsgnjx.d fa6, ft2, fa6",,
0000000080005f8a,,s0:0000000000000000,,40edd41b,1,"sraiw   s0, s11, 14",,
0000000080005f8e,,s10:0000000000000000,,aa647d13,1,"andi    s10, s0, -1370",,
0000000080005f92,,s9:0000000000000016,,03b57cbb,1,"remuw   s9, a0, s11",,
0000000080005f96,,s2:0000000000000001,,01a9593b,1,"srlw    s2, s2, s10",,
0000000080005f9a,,fa3:0000000000000000,,d23476d3,1,"fcvt.d.lu fa3, s0",,
0000000080005f9e,,gp:0000000000000798,,782c819b,1,"addiw   gp, s9, 1922",,
0000000080005fa2,,s6:0000000000000000,,e2068b53,1,"fmv.x.d s6, fa3",,
0000000080005faa,,fa7:41cc400000000000,,d21208d3,1,"fcvt.d.wu fa7, tp",,
0000000080005fae,,t2:7fffffffffffffff,,c22ff3d3,1,"fcvt.l.d t2, ft11",,
0000000080005fb2,,s1:0000000000000001,,a31884d3,1,"fle.d   s1, fa7, fa7",,
0000000080005fb6,,gp:0000000038800000,,001e919b,1,"slliw   gp, t4, 1",,
0000000080005fba,,t0:0000000000000001,,a3fe82d3,1,"fle.d   t0, ft9, ft11",,
0000000080005fbe,,s11:0000000000000000,,00009dda,1,"c.add   s11, s6",,
0000000080005fc0,,s5:0000000000000000,,0352aab3,1,"mulhsu  s5, t0, s5",,
0000000080005fc4,,a2:0000000000000000,,00c65633,1,"srl     a2, a2, a2",,
0000000080005fc8,,a2:0000000000001a48,,01494633,1,"xor     a2, s2, s4",,
0000000080005fcc,,a0:0000000000001a48,,4046553b,1,"sraw    a0, a2, tp",,
0000000080005fd0,,a4:0000000000000000,,02151733,1,"mulh    a4, a0, ra",,
0000000080005fd8,,s6:0000000000000000,,01fd9b1b,1,"slliw   s6, s11, 31",,
0000000080005fdc,,s9:ffffffffffffffff,,0263ecbb,1,"remw    s9, t2, t1",,
0000000080004008,,s8:0000000080006008,,00002c17,3,"auipc   s8, 0x2",,
000000008000400c,,s8:00000000800060fa,,0f2c0c13,3,"addi    s8, s8, 242",,
0000000080004010,,ra:0000000080004014,,000c00e7,3,jalr    s8,,
00000000800060fa,,a5:0000000080005fe0,,341027f3,3,"csrrs   a5, mepc, zero",,
00000000800060fe,,a4:0000000000000002,,34202773,3,"csrrs   a4, mcause, zero",,
0000000080006102,,a3:00000000800060fa,,142026f3,3,"csrrs   a3, scause, zero",,
0000000080006106,,a2:0000000000000a00,,30402673,3,"csrrs   a2, mie, zero",,
000000008000610a,,a1:0000000000000080,,344025f3,3,"csrrs   a1, mip, zero",,
000000008000610e,,a1:00000000f15057f3,,343025f3,3,"csrrs   a1, mtval, zero",,
0000000080006112,,a0:0000000000000016,,14302573,3,"csrrs   a0, stval, zero",,
0000000080006116,,s1:0000000000001ac0,,b02024f3,3,"csrrs   s1, minstret, zero",,
000000008000612e,,a5:0000000080005fe4,,00000791,3,"c.addi  a5, 4",,
0000000080005fe4,,a6:000000007fffa58a,,40f3083b,1,"subw    a6, t1, a5",,
0000000080005fe8,,s0:0000000000000002,,00281473,1,"csrrw   s0, frm, a6",,
0000000080005fec,,s6:000000000a826522,,02b86b3b,1,"remw    s6, a6, a1",,
0000000080005ff2,,s4:0000000000000000,,011a7a33,1,"and     s4, s4, a7",,
0000000080005ff6,,a2:ffffffffffff0000,,40f6d61b,1,"sraiw   a2, a3, 15",,
0000000080005ffa,,fs4:8000000000000000,,eb8efa4f,1,"fnmadd.d fs4, ft9, fs8, ft9",,
0000000080005ffe,,fa0:7ff8000000000000,,1344f54f,1,"fnmadd.d fa0, fs1, fs4, ft2",,
0000000080006002,,t4:00000000000007ff,,7ffa0e9b,1,"addiw   t4, s4, 2047",,
0000000080006006,,t0:0000000000000000,,00e752bb,1,"srlw    t0, a4, a4",,
000000008000600c,,sp:00000000ae45b00c,,2e455117,1,"auipc   sp, 0x2e455",,
0000000080006010,,s2:0000000000001c40,,4111d91b,1,"sraiw   s2, gp, 17",,
0000000080006014,,s10:0000000038800000,,00425d3b,1,"srlw    s10, tp, tp",,
0000000080006018,,s9:ffffffffca20485e,,02d24cb3,1,"div     s9, tp, a3",,
000000008000601c,,s2:0000000000000010,,00102973,1,"csrrs   s2, fflags, zero",,
0000000080006020,,fs2:7ff8000000000000,,b32f794f,1,"fnmadd.d fs2, ft10, fs2, fs6",,
0000000080006024,,s4:000000000a826522,,405b0a3b,1,"subw    s4, s6, t0",,
000000008000602a,,s1:0000000000000000,,02cdf4bb,1,"remuw   s1, s11, a2",,
000000008000602e,,ft0:ffffffff7fc00000,,40197053,1,"fcvt.s.d ft0, fs2",,
0000000080006032,,s9:0000000000000000,,01055c9b,1,"srliw   s9, a0, 16",,
0000000080006036,,s2:0000000000000000,,0054993b,1,"sllw    s2, s1, t0",,
000000008000603a,,s5:000000004525903a,,c5253a97,1,"auipc   s5, 0xc5253",,
000000008000603e,,s6:916c030000000000,,02611b13,1,"slli    s6, sp, 38",,
0000000080006042,,fs9:0000000000000000,,d2397cd3,1,"fcvt.d.lu fs9, s2",,
0000000080006046,,s0:ffffffffc7800002,,41a7043b,1,"subw    s0, a4, s10",,
000000008000604c,,ft7:7ff8000000000000,,420c83d3,1,"fcvt.d.s ft7, fs9",,
0000000080006050,,s1:0000000000000010,,001b94f3,1,"csrrw   s1, fflags, s7",,
0000000080006054,,s10:0000000000000000,,03f89d13,1,"slli    s10, a7, 63",,
0000000080006058,,s5:0000000000000000,,03fb9a93,1,"slli    s5, s7, 63",,
000000008000605c,,fs2:ffffffff00000000,,d022f953,1,"fcvt.s.l fs2, t0",,
0000000080006060,,a4:000000007fffa58a,,0008171b,1,"slliw   a4, a6, 0",,
0000000080006064,,fs8:7ff8000000000000,,02cd7c53,1,"fadd.d  fs8, fs10, fa2",,
0000000080006068,,fs1:0000000000000000,,f20a84d3,1,"fmv.d.x fs1, s5",,
000000008000606c,,a0:0000000000000016,,00009546,1,"c.add   a0, a7",,
000000008000606e,,fa1:7ff8000000000000,,938c75cf,1,"fnmadd.d fa1, fs8, fs8, fs2",,
0000000080006072,,s0:0000000000000000,,9dacf413,1,"andi    s0, s9, -1574",,
0000000080006076,,a1:0000000000000000,,024425b3,1,"mulhsu  a1, s0, tp",,
000000008000607e,,t2:7fffffffffffffff,,0013e3b3,1,"or      t2, t2, ra",,
0000000080006082,,tp:0000000000000000,,00842233,1,"slt     tp, s0, s0",,
0000000080006086,,s4:0000000000000002,,00241a73,1,"csrrw   s4, frm, s0",,
000000008000608a,,a7:ffffffff80005a76,,40ec88bb,1,"subw    a7, s9, a4",,
0000000080004008,,s8:0000000080006008,,00002c17,3,"auipc   s8, 0x2",,
000000008000400c,,s8:00000000800060fa,,0f2c0c13,3,"addi    s8, s8, 242",,
0000000080004010,,ra:0000000080004014,,000c00e7,3,jalr    s8,,
00000000800060fa,,a5:000000008000608e,,341027f3,3,"csrrs   a5, mepc, zero",,
00000000800060fe,,a4:0000000000000002,,34202773,3,"csrrs   a4, mcause, zero",,
0000000080006102,,a3:00000000800060fa,,142026f3,3,"csrrs   a3, scause, zero",,
0000000080006106,,a2:0000000000000a00,,30402673,3,"csrrs   a2, mie, zero",,
000000008000610a,,a1:0000000000000080,,344025f3,3,"csrrs   a1, mip, zero",,
000000008000610e,,a1:00000000c057b773,,343025f3,3,"csrrs   a1, mtval, zero",,
0000000080006112,,a0:0000000000000016,,14302573,3,"csrrs   a0, stval, zero",,
0000000080006116,,s1:0000000000001afd,,b02024f3,3,"csrrs   s1, minstret, zero",,
000000008000612e,,a5:0000000080006092,,00000791,3,"c.addi  a5, 4",,
0000000080006092,,a6:0000000000000000,,0019f813,1,"andi    a6, s3, 1",,
0000000080006096,,fs5:7ff8000000000000,,ab5dfac3,1,"fmadd.d fs5, fs11, fs5, fs5",,
000000008000609a,,s11:0000000000000580,,00651d93,1,"slli    s11, a0, 6",,
000000008000609e,,fs0:0000000000000016,,f2050453,1,"fmv.d.x fs0, a0",,
00000000800060a2,,s6:ffffffffffffffff,,032b4b33,1,"div     s6, s6, s2",,
00000000800060a6,,s9:0000000000000000,,03b84cbb,1,"divw    s9, a6, s11",,
00000000800060aa,,a7:00000000800060fa,,0006d893,1,"srli    a7, a3, 0",,
00000000800060ae,,s4:00000000800060fa,,00069a13,1,"slli    s4, a3, 0",,
00000000800060b2,,s3:ffffffffffffffff,,c03ef9d3,1,"fcvt.lu.s s3, ft9",,
00000000800060b6,,s1:7fffffffffffffff,,c02af4d3,1,"fcvt.l.s s1, fs5",,
00000000800060ba,,s6:0000000000000010,,00102b73,1,"csrrs   s6, fflags, zero",,
00000000800060be,,t2:ffffffff7fffbfec,,021383b3,1,"mul     t2, t2, ra",,
00000000800060c2,,a3:ffffffffff800000,,01799693,1,"slli    a3, s3, 23",,
00000000800060c6,,fs2:1e82c2fc595456a7,,5a047953,1,"fsqrt.d fs2, fs0",,
00000000800060ca,,gp:0388000000000000,,000001f2,1,"c.slli  gp, 28",,
00000000800060cc,,s11:0000000000000000,,a36a8dd3,1,"fle.d   s11, fs5, fs6",,
00000000800060d0,,fs6:0000000000000000,,d23dfb53,1,"fcvt.d.lu fs6, s11",,
00000000800060d4,,s0:ffffffffffffffff,,03c4443b,1,"divw    s0, s0, t3",,
00000000800060d8,,a5:0000000000000002,,012757bb,1,"srlw    a5, a4, s2",,
0000000080004008,,s8:0000000080006008,,00002c17,3,"auipc   s8, 0x2",,
000000008000400c,,s8:00000000800060fa,,0f2c0c13,3,"addi    s8, s8, 242",,
0000000080004010,,ra:0000000080004014,,000c00e7,3,jalr    s8,,
00000000800060fa,,a5:00000000800060e0,,341027f3,3,"csrrs   a5, mepc, zero",,
00000000800060fe,,a4:0000000000000002,,34202773,3,"csrrs   a4, mcause, zero",,
0000000080006102,,a3:00000000800060fa,,142026f3,3,"csrrs   a3, scause, zero",,
0000000080006106,,a2:0000000000000a00,,30402673,3,"csrrs   a2, mie, zero",,
000000008000610a,,a1:0000000000000080,,344025f3,3,"csrrs   a1, mip, zero",,
000000008000610e,,a1:00000000f12daef3,,343025f3,3,"csrrs   a1, mtval, zero",,
0000000080006112,,a0:0000000000000016,,14302573,3,"csrrs   a0, stval, zero",,
0000000080006116,,s1:0000000000001b21,,b02024f3,3,"csrrs   s1, minstret, zero",,
000000008000612e,,a5:00000000800060e4,,00000791,3,"c.addi  a5, 4",,
00000000800060e4,,tp:0000000000000001,,00b22233,1,"slt     tp, tp, a1",,
00000000800060e8,,s5:ffffffffe8000000,,018c1abb,1,"sllw    s5, s8, s8",,
00000000800060f0,,s5:000000000017930a,,026c4ab3,1,"div     s5, s8, t1",,
00000000800060f4,,ra:00000000800060f8,,8f0fa0ef,1,jal     -0x5f10,,
00000000800001e4,,a0:0000000000000001,,00004505,1,"c.li    a0, 1",,
00000000800001e6,,t5:00000000800011e6,,00001f17,1,"auipc   t5, 0x1",,
